0.625001953 0.818192011
0.656261426 0.787883104
0.46875459 0.818192011
0.593758105 0.848476676
0.625001953 0.818192011
0.625001953 0.848476676
0.781252441 0.606072084
0.625001953 0.818192011
0.625001953 0.848476676
0.625001953 0.787883104
0.625001953 0.818192011
0.718749121 0.757571166
0.718749121 0.757571166
0.625001953 0.848476676
0.625001953 0.818192011
0.625001953 0.818192011
0.625001953 0.818192011
0.625001953 0.818192011
0.625001953 0.818192011
0.843752637 0.727262259
0.625001953 0.818192011
0.875008984 0.696977594
0.656261426 0.696977594
0.593758105 0.848476676
0.625001953 0.818192011
0.375007422 0.757571166
0.625001953 0.818192011
0.875008984 0.606072084
0.843752637 0.727262259
0.625001953 0.818192011
0.781252441 0.606072084
0.718749121 0.757571166
0.031256348 0.727262259
0.781252441 0.757571166
0.656261426 0.696977594
1 0.575763177
0.937512305 0.606072084
0.718749121 0.757571166
0.656261426 0.696977594
0.656261426 0.787883104
0.625001953 0.818192011
0.718749121 0.606072084
0.656261426 0.696977594
0.593758105 0.757571166
0.781252441 0.757571166
0.781252441 0.606072084
0.656261426 0.787883104
0.718749121 0.606072084
0.625001953 0.818192011
0.656261426 0.696977594
0.656261426 0.787883104
0.625001953 0.818192011
0.625001953 0.818192011
0.656261426 0.696977594
0.625001953 0.818192011
0.718749121 0.757571166
0.281250879 0.575763177
0.593758105 0.787883104
0.781252441 0.757571166
0.718749121 0.757571166
0.781252441 0.606072084
0.625001953 0.818192011
0.593758105 0.787883104
1 0.696977594
0.875008984 0.606072084
0.875008984 0.696977594
0.625001953 0.848476676
1 0.696977594
0.656261426 0.696977594
0.593758105 0.787883104
0.593758105 0.787883104
0.625001953 0.818192011
0.656261426 0.787883104
0.781252441 0.45454876
0.625001953 0.848476676
0.625001953 0.787883104
0.625001953 0.818192011
0.625001953 0.818192011
0.562501758 0.818192011
0.781252441 0.757571166
0.625001953 0.848476676
0.843752637 0.727262259
0.843752637 0.727262259
0.718749121 0.757571166
0.718749121 0.757571166
0.625001953 0.818192011
0.656261426 0.787883104
0.625001953 0.848476676
0.656261426 0.787883104
0.625001953 0.818192011
0.625001953 0.818192011
0.656261426 0.787883104
0.656261426 0.787883104
0.625001953 0.818192011
0.625001953 0.818192011
0.46875459 0.818192011
0.875008984 0.696977594
0.593758105 0.787883104
0.718749121 0.757571166
0.718749121 0.606072084
0.781252441 0.606072084
0.625001953 0.787883104
0.656261426 0.696977594
0.843752637 0.727262259
0.875008984 0.424239853
0.625001953 0.818192011
0.625001953 0.818192011
0.843752637 0.727262259
0.843752637 0.727262259
0.937512305 0.606072084
0.593758105 0.787883104
0.781252441 0.272737741
0.625001953 0.818192011
0.625001953 0.818192011
0.875008984 0.606072084
0.625001953 0.848476676
0.875008984 0.696977594
0.593758105 0.848476676
0.781252441 0.757571166
0.781252441 0.757571166
0.593758105 0.787883104
0.781252441 0.606072084
0.625001953 0.818192011
0.781252441 0.757571166
0.875008984 0.696977594
0.593758105 0.818192011
0.781252441 0.606072084
0.343751074 0.909097521
0.656261426 0.696977594
0.781252441 0.757571166
0.781252441 0.757571166
0.718749121 0.757571166
0.625001953 0.818192011
0.343751074 0.909097521
0.781252441 0.757571166
0.625001953 0.818192011
0.656261426 0.696977594
0.937512305 0.272737741
0.875008984 0
0.875008984 0.696977594
0.593758105 0.424239853
0.593758105 0.757571166
0.781252441 0.757571166
0.718749121 0.757571166
0.593758105 0.787883104
0.937512305 0.727262259
0.718749121 0.757571166
0.625001953 0.818192011
0.718749121 0.606072084
0.875008984 0
0.937512305 0.606072084
0.656261426 0.696977594
0.937512305 0.727262259
1 0.696977594
0.593758105 0.787883104
1 0.484857668
0.718749121 0.606072084
0.593758105 0.757571166
1 0.696977594
0.593758105 0.757571166
0.593758105 0.787883104
0.593758105 0.787883104
0.218747559 1
0.625001953 0.848476676
0.781252441 0.757571166
0.718749121 0.606072084
0.875008984 0.606072084
0.781252441 0.757571166
0.593758105 0.848476676
0.781252441 0.45454876
0.656261426 0.787883104
0.625001953 0.818192011
0.781252441 0.45454876
0.781252441 0.757571166
0.656261426 0.696977594
0.625001953 0.818192011
1 0.575763177
0.656261426 0.696977594
0.656261426 0.787883104
0.625001953 0.818192011
0.625001953 0.818192011
0.781252441 0.45454876
0.593758105 0.787883104
0.593758105 0.787883104
0.718749121 0.606072084
0.843752637 0.727262259
0.781252441 0.757571166
0.625001953 0.818192011
0.843752637 0.727262259
0.625001953 0.818192011
0.593758105 0.848476676
0.625001953 0.818192011
0.625001953 0.848476676
0.593758105 0.787883104
0.656261426 0.787883104
0.625001953 0.818192011
0.593758105 0.757571166
0.625001953 0.818192011
0.781252441 0.757571166
0.625001953 0.818192011
0.656261426 0.787883104
0.718749121 0.606072084
0.625001953 0.818192011
0.718749121 0.757571166
0.625001953 0.848476676
0.656261426 0.787883104
0.343751074 0.909097521
0.625001953 0.787883104
0.625001953 0.787883104
0.625001953 0.818192011
0.562501758 0.818192011
0.875008984 0.606072084
0.625001953 0.818192011
0.593758105 0.818192011
0.781252441 0.45454876
0.718749121 0.757571166
0.593758105 0.787883104
0.625001953 0.848476676
0.593758105 0.787883104
0.625001953 0.818192011
0.593758105 0.848476676
0.625001953 0.787883104
0.656261426 0.696977594
0.656261426 0.787883104
0.718749121 0.757571166
0.625001953 0.818192011
0.031256348 0.727262259
0.718749121 0.606072084
0.625001953 0.848476676
0.625001953 0.787883104
1 0.696977594
0.593758105 0.848476676
0.718749121 0.757571166
0.593758105 0.757571166
0.281250879 0.575763177
0.593758105 0.787883104
0.562501758 0.818192011
0.906255957 0.212119927
0.625001953 0.818192011
0.656261426 0.787883104
0.625001953 0.787883104
0.625001953 0.818192011
0.625001953 0.818192011
0.593758105 0.787883104
0.625001953 0.848476676
0.625001953 0.818192011
0.593758105 0.424239853
0.656261426 0.787883104
0.46875459 0.818192011
0.593758105 0.848476676
0.843752637 0.727262259
1 0.696977594
1 0.696977594
0.593758105 0.787883104
0.625001953 0.818192011
0.593758105 0.787883104
0.625001953 0.787883104
0.875008984 0.696977594
0.718749121 0.606072084
0.625001953 0.787883104
0.625001953 0.818192011
0.656261426 0.787883104
0.781252441 0.757571166
0.625001953 0.848476676
0.625001953 0.848476676
0.875008984 0.606072084
0.625001953 0.818192011
0.875008984 0.606072084
0.625001953 0.787883104
0.593758105 0.787883104
1 0.696977594
0.593758105 0.787883104
1 0.696977594
0.562501758 0.818192011
0.593758105 0.787883104
0.593758105 0.787883104
0.718749121 0.606072084
1 0.696977594
0.593758105 0.848476676
0.625001953 0.848476676
0.656261426 0.787883104
0.843752637 0.727262259
1 0.696977594
0.656261426 0.696977594
1 0.696977594
0.625001953 0.818192011
0.625001953 0.787883104
0.625001953 0.787883104
0.781252441 0.606072084
0.343751074 0.909097521
0.593758105 0.848476676
0.718749121 0.757571166
0.593758105 0.787883104
0.625001953 0.848476676
0.625001953 0.848476676
0.718749121 0.757571166
0.843752637 0.727262259
0.625001953 0.818192011
0.625001953 0.818192011
0.593758105 0.818192011
0.781252441 0.757571166
0.781252441 0.606072084
0.781252441 0.757571166
1 0.696977594
0.625001953 0.787883104
0.499998437 0.696977594
0.781252441 0.272737741
0.593758105 0.818192011
0.625001953 0.787883104
0.593758105 0.818192011
1 0.484857668
0.562501758 0.818192011
0.593758105 0.787883104
0.343751074 0.909097521
0.937512305 0.727262259
0.718749121 0.606072084
0.875008984 0.606072084
0.875008984 0.696977594
0.281250879 0.575763177
0.625001953 0.818192011
0.937512305 0.727262259
1 0.575763177
0.625001953 0.818192011
0.46875459 0.818192011
0.593758105 0.757571166
0.718749121 0.757571166
0.781252441 0.757571166
0.625001953 0.818192011
0.625001953 0.787883104
0.593758105 0.848476676
0.718749121 0.757571166
0.625001953 0.818192011
0.625001953 0.818192011
0.625001953 0.818192011
0.718749121 0.606072084
0.656261426 0.787883104
0.718749121 0.757571166
0.656261426 0.787883104
0.875008984 0.696977594
0.593758105 0.848476676
0.656261426 0.787883104
0.625001953 0.818192011
0.625001953 0.787883104
0.875008984 0.606072084
0.781252441 0.757571166
0.593758105 0.787883104
0.593758105 0.848476676
0.718749121 0.606072084
0.718749121 0.757571166
0.718749121 0.757571166
0.875008984 0.696977594
0.593758105 0.787883104
0.718749121 0.606072084
0.875008984 0.696977594
0.343751074 0.909097521
0.781252441 0.606072084
0.875008984 0.696977594
0.875008984 0.696977594
0.625001953 0.818192011
0.718749121 0.606072084
0.781252441 0.45454876
0.593758105 0.63635978
0.625001953 0.818192011
0.625001953 0.818192011
0.625001953 0.818192011
0.593758105 0.818192011
0.937512305 0.727262259
0.718749121 0.757571166
0.593758105 0.787883104
0.46875459 0.818192011
0.593758105 0.424239853
0.593758105 0.848476676
0.781252441 0.606072084
0.875008984 0.696977594
0.875008984 0.606072084
0.718749121 0.757571166
0.781252441 0.45454876
0.562501758 0.757571166
0.937512305 0.727262259
0.656261426 0.787883104
0.625001953 0.818192011
0.499998437 0.696977594
0.875008984 0.696977594
0.343751074 0.909097521
0.656261426 0.696977594
0.875008984 0.606072084
0.625001953 0.787883104
0.593758105 0.818192011
0.656261426 0.787883104
0.656261426 0.696977594
0.593758105 0.848476676
0.593758105 0.424239853
0.718749121 0.757571166
0.625001953 0.818192011
0.593758105 0.757571166
0.593758105 0.63635978
0.593758105 0.757571166
0.718749121 0.757571166
0.625001953 0.787883104
0.656261426 0.787883104
0.781252441 0.757571166
0.875008984 0.696977594
0.875008984 0.606072084
0.875008984 0.606072084
0.218747559 1
0.593758105 0.848476676
0.343751074 0.909097521
0.593758105 0.848476676
0.781252441 0.757571166
0.781252441 0.606072084
0.781252441 0.757571166
0.656261426 0.787883104
0.625001953 0.818192011
0.875008984 0.606072084
0.593758105 0.818192011
0.875008984 0.424239853
0.46875459 0.818192011
0.281250879 0.909097521
0.875008984 0.606072084
0.875008984 0.606072084
0.718749121 0.606072084
0.781252441 0.757571166
0.875008984 0.606072084
0.499998437 0.696977594
0.625001953 0.818192011
0.625001953 0.787883104
0.718749121 0.757571166
0.593758105 0.818192011
0.781252441 0.45454876
0.562501758 0.818192011
0.718749121 0.757571166
1 0.696977594
0.656261426 0.484857668
0.718749121 0.757571166
0.781252441 0.757571166
0.593758105 0.818192011
0.656261426 0.787883104
0.718749121 0.757571166
0.625001953 0.818192011
0.718749121 0.757571166
0.625001953 0.818192011
0.875008984 0.696977594
0.781252441 0.45454876
0.625001953 0.818192011
0.625001953 0.818192011
0.187503711 0.878785583
0.781252441 0.606072084
0.625001953 0.818192011
0.875008984 0.696977594
0.656261426 0.787883104
1 0.696977594
1 0.484857668
0.781252441 0.606072084
0.593758105 0.848476676
0.625001953 0.818192011
0.656261426 0.696977594
0.875008984 0.696977594
0.593758105 0.818192011
0.875008984 0.606072084
1 0.696977594
0.875008984 0.606072084
0.781252441 0.45454876
0.625001953 0.818192011
0.625001953 0.787883104
0.875008984 0.696977594
0.625001953 0.818192011
0.593758105 0.787883104
0.906255957 0.212119927
0.625001953 0.848476676
0.875008984 0.424239853
0.593758105 0.757571166
0.46875459 0.818192011
0.593758105 0.787883104
0.718749121 0.757571166
0.593758105 0.848476676
0.656261426 0.696977594
0.625001953 0.818192011
0.656261426 0.696977594
0.718749121 0.606072084
0.625001953 0.818192011
0.625001953 0.818192011
0.937512305 0.727262259
0.593758105 0.757571166
0.625001953 0.787883104
0.875008984 0.606072084
1 0.575763177
0.718749121 0.757571166
0.375007422 0.757571166
0.656261426 0.696977594
0.843752637 0.727262259
1 0.696977594
0.843752637 0.727262259
0.625001953 0.818192011
1 0.696977594
0.499998437 0.696977594
0.625001953 0.818192011
0.625001953 0.818192011
0.781252441 0.45454876
0.625001953 0.848476676
0.625001953 0.818192011
0.843752637 0.727262259
0.718749121 0.757571166
0.875008984 0.696977594
0.718749121 0.757571166
0.656261426 0.787883104
0.781252441 0.45454876
0.593758105 0.818192011
0.718749121 0.757571166
0.625001953 0.818192011
0.718749121 0.757571166
0.499998437 0.696977594
0.625001953 0.818192011
0.625001953 0.818192011
0.625001953 0.818192011
0.875008984 0.424239853
0.625001953 0.818192011
0.562501758 0.818192011
1 0.696977594
0.625001953 0.848476676
0.656261426 0.696977594
0.562501758 0.818192011
0.593758105 0.787883104
0.625001953 0.818192011
0.875008984 0.696977594
0.593758105 0.818192011
0.656261426 0.787883104
0.625001953 0.818192011
0.625001953 0.818192011
0.625001953 0.848476676
0.593758105 0.848476676
0.593758105 0.757571166
0.593758105 0.757571166
0.499998437 0.696977594
0.625001953 0.818192011
0.46875459 0.818192011
0.875008984 0.696977594
0.781252441 0.606072084
0.625001953 0.818192011
0.46875459 0.818192011
0.562501758 0.818192011
0.625001953 0.818192011
0.593758105 0.848476676
0.718749121 0.757571166
0.593758105 0.848476676
0.781252441 0.757571166
0.718749121 0.757571166
0.718749121 0.606072084
1 0.484857668
0.781252441 0.757571166
0.562501758 0.818192011
0.625001953 0.818192011
0.593758105 0.787883104
0.46875459 0.818192011
0.875008984 0.424239853
0.593758105 0.787883104
0.781252441 0.757571166
0.593758105 0.787883104
0.781252441 0.45454876
0.625001953 0.848476676
0.656261426 0.787883104
0.718749121 0.757571166
0.718749121 0.606072084
0.625001953 0.848476676
0.593758105 0.787883104
0.781252441 0.606072084
0.625001953 0.818192011
0.593758105 0.818192011
0.562501758 0.818192011
0.656261426 0.696977594
0.656261426 0.787883104
0.656261426 0.787883104
0.937512305 0.727262259
0.625001953 0.818192011
0.625001953 0.848476676
0.46875459 0.818192011
0.656261426 0.696977594
0.625001953 0.818192011
0.625001953 0.818192011
0.875008984 0.606072084
0.718749121 0.757571166
0.875008984 0.696977594
0.281250879 0.909097521
0.781252441 0.757571166
0.718749121 0.606072084
0.718749121 0.757571166
0.593758105 0.63635978
1 0.696977594
0.625001953 0.818192011
0.718749121 0.606072084
0.781252441 0.45454876
0.593758105 0.787883104
0.593758105 0.757571166
0.656261426 0.787883104
0.218747559 1
0.593758105 0.818192011
0.625001953 0.818192011
0.937512305 0.727262259
0.593758105 0.757571166
0.281250879 0.909097521
0.593758105 0.757571166
0.593758105 0.424239853
0.625001953 0.787883104
0.625001953 0.787883104
0.625001953 0.848476676
0.937512305 0.727262259
0.781252441 0.757571166
0.937512305 0.606072084
0.562501758 0.818192011
0.625001953 0.818192011
0.625001953 0.848476676
0.718749121 0.606072084
0.656261426 0.787883104
0.781252441 0.45454876
0.625001953 0.818192011
0.625001953 0.787883104
0.906255957 0.212119927
0.718749121 0.757571166
0.593758105 0.787883104
0.593758105 0.848476676
0.593758105 0.848476676
0.937512305 0.606072084
0.625001953 0.787883104
0.625001953 0.848476676
0.656261426 0.787883104
0.593758105 0.848476676
0.625001953 0.848476676
0.343751074 0.909097521
0.593758105 0.757571166
0.625001953 0.787883104
0.625001953 0.787883104
0.781252441 0.606072084
0.875008984 0.606072084
0.718749121 0.606072084
0.937512305 0.606072084
0.843752637 0.727262259
0.499998437 0.696977594
0.843752637 0.727262259
0.781252441 0.757571166
0.593758105 0.787883104
0.343751074 0.909097521
0.593758105 0.787883104
0.781252441 0.757571166
0.593758105 0.787883104
0.625001953 0.818192011
0.718749121 0.606072084
0.593758105 0.757571166
0.718749121 0.757571166
0.875008984 0.696977594
0.625001953 0.848476676
0.343751074 0.909097521
0.937512305 0.727262259
0.718749121 0.757571166
0.343751074 0.909097521
0.875008984 0.606072084
0.937512305 0.606072084
0.625001953 0.787883104
0.593758105 0.818192011
0.781252441 0.606072084
0.593758105 0.757571166
0.937512305 0.727262259
0.625001953 0.787883104
0.875008984 0.606072084
0.718749121 0.757571166
0.781252441 0.757571166
0.656261426 0.696977594
0.625001953 0.818192011
0.656261426 0.787883104
1 0.575763177
0.625001953 0.848476676
0.625001953 0.818192011
0.625001953 0.848476676
0.625001953 0.818192011
0.593758105 0.787883104
0.625001953 0.787883104
0.593758105 0.787883104
0.593758105 0.757571166
0.593758105 0.848476676
0.781252441 0.45454876
0.625001953 0.818192011
0.781252441 0.757571166
0.593758105 0.787883104
1 0.696977594
0.781252441 0.757571166
0.843752637 0.727262259
0.625001953 0.787883104
0.718749121 0.606072084
0.562501758 0.818192011
0.718749121 0.757571166
0.781252441 0.45454876
0.343751074 0.909097521
0.656261426 0.696977594
0.937512305 0.727262259
0.718749121 0.757571166
0.843752637 0.727262259
0.656261426 0.787883104
0.46875459 0.818192011
0.781252441 0.606072084
0.593758105 0.787883104
0.593758105 0.848476676
0.593758105 0.63635978
0.781252441 0.606072084
0.593758105 0.757571166
0.781252441 0.757571166
0.781252441 0.606072084
0.593758105 0.787883104
0.593758105 0.757571166
0.656261426 0.787883104
0.937512305 0.606072084
0.718749121 0.606072084
0.593758105 0.787883104
0.718749121 0.757571166
0.625001953 0.787883104
0.625001953 0.787883104
0.593758105 0.787883104
0.625001953 0.818192011
1 0.575763177
0.781252441 0.757571166
0.593758105 0.848476676
0.593758105 0.787883104
0.625001953 0.818192011
0.593758105 0.787883104
0.625001953 0.818192011
0.625001953 0.818192011
0.781252441 0.757571166
0.781252441 0.757571166
0.343751074 0.909097521
0.875008984 0.696977594
0.937512305 0.606072084
0.593758105 0.787883104
0.656261426 0.787883104
0.718749121 0.606072084
0.781252441 0.606072084
0.593758105 0.848476676
0.625001953 0.818192011
0.562501758 0.818192011
0.656261426 0.787883104
0.625001953 0.818192011
0.593758105 0.757571166
0.593758105 0.787883104
1 0.696977594
0.843752637 0.727262259
0.625001953 0.848476676
0.937512305 0.727262259
0.625001953 0.818192011
0.625001953 0.818192011
0.593758105 0.787883104
0.656261426 0.787883104
0.593758105 0.848476676
0.875008984 0.696977594
0.843752637 0.727262259
0.875008984 0.606072084
0.625001953 0.787883104
0.343751074 0.909097521
0.593758105 0.787883104
0.781252441 0.606072084
0.781252441 0.45454876
0.343751074 0.909097521
0.781252441 0.606072084
0.593758105 0.63635978
0.406254395 0.878785583
0.781252441 0.757571166
0.625001953 0.848476676
0.781252441 0.606072084
0.656261426 0.787883104
0.343751074 0.909097521
0.562501758 0.818192011
0.593758105 0.787883104
0.781252441 0.606072084
0.843752637 0.727262259
0.781252441 0.606072084
0.875008984 0.696977594
0.593758105 0.787883104
0.656261426 0.787883104
0.718749121 0.757571166
0.781252441 0.606072084
0.625001953 0.848476676
0.718749121 0.757571166
0.718749121 0.757571166
0.625001953 0.848476676
0.875008984 0.696977594
0.718749121 0.606072084
0.625001953 0.818192011
0.875008984 0.696977594
0.781252441 0.606072084
0.375007422 0.757571166
0.625001953 0.818192011
0.718749121 0.757571166
0.656261426 0.787883104
0 0.575763177
0.781252441 0.606072084
0.625001953 0.848476676
0.593758105 0.848476676
0.46875459 0.818192011
0.718749121 0.606072084
0.656261426 0.787883104
0.562501758 0.818192011
0.656261426 0.787883104
0.343751074 0.909097521
0.625001953 0.787883104
0.625001953 0.787883104
