0.612902706 0.818192011
0.64517076 0.787883104
0.451614048 0.818192011
0.58065078 0.848476676
0.612902706 0.818192011
0.612902706 0.848476676
0.774194589 0.606072084
0.612902706 0.818192011
0.612902706 0.848476676
0.612902706 0.787883104
0.612902706 0.818192011
0.70967461 0.757571166
0.70967461 0.757571166
0.612902706 0.848476676
0.612902706 0.818192011
0.612902706 0.818192011
0.612902706 0.818192011
0.612902706 0.818192011
0.612902706 0.818192011
0.838711342 0.727262259
0.612902706 0.818192011
0.870976171 0.696977594
0.64517076 0.696977594
0.58065078 0.848476676
0.612902706 0.818192011
0.354842144 0.757571166
0.612902706 0.818192011
0.870976171 0.606072084
0.838711342 0.727262259
0.612902706 0.818192011
0.774194589 0.606072084
0.70967461 0.757571166
0 0.727262259
0.774194589 0.757571166
0.64517076 0.696977594
1 0.575763177
0.93549615 0.606072084
0.70967461 0.757571166
0.64517076 0.696977594
0.64517076 0.787883104
0.612902706 0.818192011
0.70967461 0.606072084
0.64517076 0.696977594
0.58065078 0.757571166
0.774194589 0.757571166
0.774194589 0.606072084
0.64517076 0.787883104
0.70967461 0.606072084
0.612902706 0.818192011
0.64517076 0.696977594
0.64517076 0.787883104
0.612902706 0.818192011
0.612902706 0.818192011
0.64517076 0.696977594
0.612902706 0.818192011
0.70967461 0.757571166
0.258060562 0.575763177
0.58065078 0.787883104
0.774194589 0.757571166
0.70967461 0.757571166
0.774194589 0.606072084
0.612902706 0.818192011
0.58065078 0.787883104
1 0.696977594
0.870976171 0.606072084
0.870976171 0.696977594
0.612902706 0.848476676
1 0.696977594
0.64517076 0.696977594
0.58065078 0.787883104
0.58065078 0.787883104
0.612902706 0.818192011
0.64517076 0.787883104
0.774194589 0.45454876
0.612902706 0.848476676
0.612902706 0.787883104
0.612902706 0.818192011
0.612902706 0.818192011
0.548385952 0.818192011
0.774194589 0.757571166
0.612902706 0.848476676
0.838711342 0.727262259
0.838711342 0.727262259
0.70967461 0.757571166
0.70967461 0.757571166
0.612902706 0.818192011
0.64517076 0.787883104
0.612902706 0.848476676
0.64517076 0.787883104
0.612902706 0.818192011
0.612902706 0.818192011
0.64517076 0.787883104
0.64517076 0.787883104
0.612902706 0.818192011
0.612902706 0.818192011
0.451614048 0.818192011
0.870976171 0.696977594
0.58065078 0.787883104
0.70967461 0.757571166
0.70967461 0.606072084
0.774194589 0.606072084
0.612902706 0.787883104
0.64517076 0.696977594
0.838711342 0.727262259
0.870976171 0.424239853
0.612902706 0.818192011
0.612902706 0.818192011
0.838711342 0.727262259
0.838711342 0.727262259
0.93549615 0.606072084
0.58065078 0.787883104
0.774194589 0.272737741
0.612902706 0.818192011
0.612902706 0.818192011
0.870976171 0.606072084
0.612902706 0.848476676
0.870976171 0.696977594
0.58065078 0.848476676
0.774194589 0.757571166
0.774194589 0.757571166
0.58065078 0.787883104
0.774194589 0.606072084
0.612902706 0.818192011
0.774194589 0.757571166
0.870976171 0.696977594
0.58065078 0.818192011
0.774194589 0.606072084
0.322577315 0.909097521
0.64517076 0.696977594
0.774194589 0.757571166
0.774194589 0.757571166
0.70967461 0.757571166
0.612902706 0.818192011
0.322577315 0.909097521
0.774194589 0.757571166
0.612902706 0.818192011
0.64517076 0.696977594
0.93549615 0.272737741
0.870976171 0
0.870976171 0.696977594
0.58065078 0.424239853
0.58065078 0.757571166
0.774194589 0.757571166
0.70967461 0.757571166
0.58065078 0.787883104
0.93549615 0.727262259
0.70967461 0.757571166
0.612902706 0.818192011
0.70967461 0.606072084
0.870976171 0
0.93549615 0.606072084
0.64517076 0.696977594
0.93549615 0.727262259
1 0.696977594
0.58065078 0.787883104
1 0.484857668
0.70967461 0.606072084
0.58065078 0.757571166
1 0.696977594
0.58065078 0.757571166
0.58065078 0.787883104
0.58065078 0.787883104
0.193540583 1
0.612902706 0.848476676
0.774194589 0.757571166
0.70967461 0.606072084
0.870976171 0.606072084
0.774194589 0.757571166
0.58065078 0.848476676
0.774194589 0.45454876
0.64517076 0.787883104
0.612902706 0.818192011
0.774194589 0.45454876
0.774194589 0.757571166
0.64517076 0.696977594
0.612902706 0.818192011
1 0.575763177
0.64517076 0.696977594
0.64517076 0.787883104
0.612902706 0.818192011
0.612902706 0.818192011
0.774194589 0.45454876
0.58065078 0.787883104
0.58065078 0.787883104
0.70967461 0.606072084
0.838711342 0.727262259
0.774194589 0.757571166
0.612902706 0.818192011
0.838711342 0.727262259
0.612902706 0.818192011
0.58065078 0.848476676
0.612902706 0.818192011
0.612902706 0.848476676
0.58065078 0.787883104
0.64517076 0.787883104
0.612902706 0.818192011
0.58065078 0.757571166
0.612902706 0.818192011
0.774194589 0.757571166
0.612902706 0.818192011
0.64517076 0.787883104
0.70967461 0.606072084
0.612902706 0.818192011
0.70967461 0.757571166
0.612902706 0.848476676
0.64517076 0.787883104
0.322577315 0.909097521
0.612902706 0.787883104
0.612902706 0.787883104
0.612902706 0.818192011
0.548385952 0.818192011
0.870976171 0.606072084
0.612902706 0.818192011
0.58065078 0.818192011
0.774194589 0.45454876
0.70967461 0.757571166
0.58065078 0.787883104
0.612902706 0.848476676
0.58065078 0.787883104
0.612902706 0.818192011
0.58065078 0.848476676
0.612902706 0.787883104
0.64517076 0.696977594
0.64517076 0.787883104
0.70967461 0.757571166
0.612902706 0.818192011
0 0.727262259
0.70967461 0.606072084
0.612902706 0.848476676
0.612902706 0.787883104
1 0.696977594
0.58065078 0.848476676
0.70967461 0.757571166
0.58065078 0.757571166
0.258060562 0.575763177
0.58065078 0.787883104
0.548385952 0.818192011
0.903231322 0.212119927
0.612902706 0.818192011
0.64517076 0.787883104
0.612902706 0.787883104
0.612902706 0.818192011
0.612902706 0.818192011
0.58065078 0.787883104
0.612902706 0.848476676
0.612902706 0.818192011
0.58065078 0.424239853
0.64517076 0.787883104
0.451614048 0.818192011
0.58065078 0.848476676
0.838711342 0.727262259
1 0.696977594
1 0.696977594
0.58065078 0.787883104
0.612902706 0.818192011
0.58065078 0.787883104
0.612902706 0.787883104
0.870976171 0.696977594
0.70967461 0.606072084
0.612902706 0.787883104
0.612902706 0.818192011
0.64517076 0.787883104
0.774194589 0.757571166
0.612902706 0.848476676
0.612902706 0.848476676
0.870976171 0.606072084
0.612902706 0.818192011
0.870976171 0.606072084
0.612902706 0.787883104
0.58065078 0.787883104
1 0.696977594
0.58065078 0.787883104
1 0.696977594
0.548385952 0.818192011
0.58065078 0.787883104
0.58065078 0.787883104
0.70967461 0.606072084
1 0.696977594
0.58065078 0.848476676
0.612902706 0.848476676
0.64517076 0.787883104
0.838711342 0.727262259
1 0.696977594
0.64517076 0.696977594
1 0.696977594
0.612902706 0.818192011
0.612902706 0.787883104
0.612902706 0.787883104
0.774194589 0.606072084
0.322577315 0.909097521
0.58065078 0.848476676
0.70967461 0.757571166
0.58065078 0.787883104
0.612902706 0.848476676
0.612902706 0.848476676
0.70967461 0.757571166
0.838711342 0.727262259
0.612902706 0.818192011
0.612902706 0.818192011
0.58065078 0.818192011
0.774194589 0.757571166
0.774194589 0.606072084
0.774194589 0.757571166
1 0.696977594
0.612902706 0.787883104
0.483865973 0.696977594
0.774194589 0.272737741
0.58065078 0.818192011
0.612902706 0.787883104
0.58065078 0.818192011
1 0.484857668
0.548385952 0.818192011
0.58065078 0.787883104
0.322577315 0.909097521
0.93549615 0.727262259
0.70967461 0.606072084
0.870976171 0.606072084
0.870976171 0.696977594
0.258060562 0.575763177
0.612902706 0.818192011
0.93549615 0.727262259
1 0.575763177
0.612902706 0.818192011
0.451614048 0.818192011
0.58065078 0.757571166
0.70967461 0.757571166
0.774194589 0.757571166
0.612902706 0.818192011
0.612902706 0.787883104
0.58065078 0.848476676
0.70967461 0.757571166
0.612902706 0.818192011
0.612902706 0.818192011
0.612902706 0.818192011
0.70967461 0.606072084
0.64517076 0.787883104
0.70967461 0.757571166
0.64517076 0.787883104
0.870976171 0.696977594
0.58065078 0.848476676
0.64517076 0.787883104
0.612902706 0.818192011
0.612902706 0.787883104
0.870976171 0.606072084
0.774194589 0.757571166
0.58065078 0.787883104
0.58065078 0.848476676
0.70967461 0.606072084
0.70967461 0.757571166
0.70967461 0.757571166
0.870976171 0.696977594
0.58065078 0.787883104
0.70967461 0.606072084
0.870976171 0.696977594
0.322577315 0.909097521
0.774194589 0.606072084
0.870976171 0.696977594
0.870976171 0.696977594
0.612902706 0.818192011
0.70967461 0.606072084
0.774194589 0.45454876
0.58065078 0.63635978
0.612902706 0.818192011
0.612902706 0.818192011
0.612902706 0.818192011
0.58065078 0.818192011
0.93549615 0.727262259
0.70967461 0.757571166
0.58065078 0.787883104
0.451614048 0.818192011
0.58065078 0.424239853
0.58065078 0.848476676
0.774194589 0.606072084
0.870976171 0.696977594
0.870976171 0.606072084
0.70967461 0.757571166
0.774194589 0.45454876
0.548385952 0.757571166
0.93549615 0.727262259
0.64517076 0.787883104
0.612902706 0.818192011
0.483865973 0.696977594
0.870976171 0.696977594
0.322577315 0.909097521
0.64517076 0.696977594
0.870976171 0.606072084
0.612902706 0.787883104
0.58065078 0.818192011
0.64517076 0.787883104
0.64517076 0.696977594
0.58065078 0.848476676
0.58065078 0.424239853
0.70967461 0.757571166
0.612902706 0.818192011
0.58065078 0.757571166
0.58065078 0.63635978
0.58065078 0.757571166
0.70967461 0.757571166
0.612902706 0.787883104
0.64517076 0.787883104
0.774194589 0.757571166
0.870976171 0.696977594
0.870976171 0.606072084
0.870976171 0.606072084
0.193540583 1
0.58065078 0.848476676
0.322577315 0.909097521
0.58065078 0.848476676
0.774194589 0.757571166
0.774194589 0.606072084
0.774194589 0.757571166
0.64517076 0.787883104
0.612902706 0.818192011
0.870976171 0.606072084
0.58065078 0.818192011
0.870976171 0.424239853
0.451614048 0.818192011
0.258060562 0.909097521
0.870976171 0.606072084
0.870976171 0.606072084
0.70967461 0.606072084
0.774194589 0.757571166
0.870976171 0.606072084
0.483865973 0.696977594
0.612902706 0.818192011
0.612902706 0.787883104
0.70967461 0.757571166
0.58065078 0.818192011
0.774194589 0.45454876
0.548385952 0.818192011
0.70967461 0.757571166
1 0.696977594
0.64517076 0.484857668
0.70967461 0.757571166
0.774194589 0.757571166
0.58065078 0.818192011
0.64517076 0.787883104
0.70967461 0.757571166
0.612902706 0.818192011
0.70967461 0.757571166
0.612902706 0.818192011
0.870976171 0.696977594
0.774194589 0.45454876
0.612902706 0.818192011
0.612902706 0.818192011
0.161288658 0.878785583
0.774194589 0.606072084
0.612902706 0.818192011
0.870976171 0.696977594
0.64517076 0.787883104
1 0.696977594
1 0.484857668
0.774194589 0.606072084
0.58065078 0.848476676
0.612902706 0.818192011
0.64517076 0.696977594
0.870976171 0.696977594
0.58065078 0.818192011
0.870976171 0.606072084
1 0.696977594
0.870976171 0.606072084
0.774194589 0.45454876
0.612902706 0.818192011
0.612902706 0.787883104
0.870976171 0.696977594
0.612902706 0.818192011
0.58065078 0.787883104
0.903231322 0.212119927
0.612902706 0.848476676
0.870976171 0.424239853
0.58065078 0.757571166
0.451614048 0.818192011
0.58065078 0.787883104
0.70967461 0.757571166
0.58065078 0.848476676
0.64517076 0.696977594
0.612902706 0.818192011
0.64517076 0.696977594
0.70967461 0.606072084
0.612902706 0.818192011
0.612902706 0.818192011
0.93549615 0.727262259
0.58065078 0.757571166
0.612902706 0.787883104
0.870976171 0.606072084
1 0.575763177
0.70967461 0.757571166
0.354842144 0.757571166
0.64517076 0.696977594
0.838711342 0.727262259
1 0.696977594
0.838711342 0.727262259
0.612902706 0.818192011
1 0.696977594
0.483865973 0.696977594
0.612902706 0.818192011
0.612902706 0.818192011
0.774194589 0.45454876
0.612902706 0.848476676
0.612902706 0.818192011
