22211 0.666665741 0.771445061
25709 0.694452161 0.742867837
33104 0.527778086 0.771445061
44819 0.63889321 0.799999429
45720 0.666665741 0.771445061
55272 0.666665741 0.799999429
61473 0.805556173 0.57144449
63782 0.666665741 0.771445061
64057 0.666665741 0.799999429
67696 0.666665741 0.742867837
71156 0.666665741 0.771445061
77614 0.749997222 0.714287755
83211 0.749997222 0.714287755
85362 0.666665741 0.799999429
86704 0.666665741 0.771445061
105714 0.666665741 0.771445061
107575 0.666665741 0.771445061
122646 0.666665741 0.771445061
129277 0.666665741 0.771445061
135785 0.861112346 0.685710531
137598 0.666665741 0.771445061
140195 0.888895988 0.657156163
141281 0.694452161 0.657156163
145874 0.63889321 0.799999429
150828 0.666665741 0.771445061
153288 0.444446605 0.714287755
160880 0.666665741 0.771445061
172996 0.888895988 0.57144449
183023 0.861112346 0.685710531
202973 0.666665741 0.771445061
208590 0.805556173 0.57144449
209033 0.749997222 0.714287755
210223 0.138887654 0.685710531
211654 0.805556173 0.714287755
212018 0.694452161 0.657156163
214504 1 0.542867265
215238 0.944454938 0.57144449
215959 0.749997222 0.714287755
219810 0.694452161 0.657156163
220201 0.694452161 0.742867837
223574 0.666665741 0.771445061
226502 0.749997222 0.57144449
227290 0.694452161 0.657156163
229690 0.63889321 0.714287755
232208 0.805556173 0.714287755
232923 0.805556173 0.57144449
235498 0.694452161 0.742867837
244933 0.749997222 0.57144449
251808 0.666665741 0.771445061
253295 0.694452161 0.657156163
258402 0.694452161 0.742867837
264571 0.666665741 0.771445061
265380 0.666665741 0.771445061
276163 0.694452161 0.657156163
279447 0.666665741 0.771445061
287385 0.749997222 0.714287755
287988 0.36110679 0.542867265
288361 0.63889321 0.742867837
289172 0.805556173 0.714287755
294982 0.749997222 0.714287755
300195 0.805556173 0.57144449
309424 0.666665741 0.771445061
318095 0.63889321 0.742867837
322734 1 0.657156163
329215 0.888895988 0.57144449
332535 0.888895988 0.657156163
336377 0.666665741 0.799999429
344576 1 0.657156163
345516 0.694452161 0.657156163
345700 0.63889321 0.742867837
351342 0.63889321 0.742867837
352458 0.666665741 0.771445061
352827 0.694452161 0.742867837
360241 0.805556173 0.428578367
361602 0.666665741 0.799999429
365014 0.666665741 0.742867837
369832 0.666665741 0.771445061
373964 0.666665741 0.771445061
385489 0.611109568 0.771445061
394399 0.805556173 0.714287755
397533 0.666665741 0.799999429
407827 0.861112346 0.685710531
416797 0.861112346 0.685710531
417404 0.749997222 0.714287755
420347 0.749997222 0.714287755
426108 0.666665741 0.771445061
428729 0.694452161 0.742867837
439419 0.666665741 0.799999429
450146 0.694452161 0.742867837
450158 0.666665741 0.771445061
453665 0.666665741 0.771445061
455809 0.694452161 0.742867837
455969 0.694452161 0.742867837
465116 0.666665741 0.771445061
465722 0.666665741 0.771445061
479728 0.527778086 0.771445061
484784 0.888895988 0.657156163
486731 0.63889321 0.742867837
491667 0.749997222 0.714287755
506395 0.749997222 0.57144449
510671 0.805556173 0.57144449
514628 0.666665741 0.742867837
524921 0.694452161 0.657156163
525706 0.861112346 0.685710531
532064 0.888895988 0.400001143
548121 0.666665741 0.771445061
554509 0.666665741 0.771445061
558063 0.861112346 0.685710531
559762 0.861112346 0.685710531
565564 0.944454938 0.57144449
578609 0.63889321 0.742867837
579207 0.805556173 0.25715502
592049 0.666665741 0.771445061
594644 0.666665741 0.771445061
623547 0.888895988 0.57144449
634419 0.666665741 0.799999429
639910 0.888895988 0.657156163
703074 0.63889321 0.799999429
703959 0.805556173 0.714287755
758034 0.805556173 0.714287755
762645 0.63889321 0.742867837
778049 0.805556173 0.57144449
784190 0.666665741 0.771445061
793758 0.805556173 0.714287755
876603 0.888895988 0.657156163
882009 0.63889321 0.771445061
888026 0.805556173 0.57144449
888789 0.416662963 0.857156735
911576 0.694452161 0.657156163
916765 0.805556173 0.714287755
950864 0.805556173 0.714287755
978913 0.749997222 0.714287755
992293 0.666665741 0.771445061
1020990 0.416662963 0.857156735
1034045 0.805556173 0.714287755
1035277 0.666665741 0.771445061
1075787 0.694452161 0.657156163
1093622 0.944454938 0.25715502
1104010 0.888895988 0
1108909 0.888895988 0.657156163
1119732 0.63889321 0.400001143
1122396 0.63889321 0.714287755
1129832 0.805556173 0.714287755
1135121 0.749997222 0.714287755
1147249 0.63889321 0.742867837
1158667 0.944454938 0.685710531
1187853 0.749997222 0.714287755
1204983 0.666665741 0.771445061
1212834 0.749997222 0.57144449
1236817 0.888895988 0
1245291 0.944454938 0.57144449
1284416 0.694452161 0.657156163
1292328 0.944454938 0.685710531
1292567 1 0.657156163
1294245 0.63889321 0.742867837
1294833 1 0.457155592
1294966 0.749997222 0.57144449
1301664 0.63889321 0.714287755
1302186 1 0.657156163
1318255 0.63889321 0.714287755
1318826 0.63889321 0.742867837
1319316 0.63889321 0.742867837
1319775 0.305547839 0.942865551
1319831 0.666665741 0.799999429
1322443 0.805556173 0.714287755
1323219 0.749997222 0.57144449
1323916 0.888895988 0.57144449
1328614 0.805556173 0.714287755
1329886 0.63889321 0.799999429
1336432 0.805556173 0.428578367
1337932 0.694452161 0.742867837
1338285 0.666665741 0.771445061
1343892 0.805556173 0.428578367
1350959 0.805556173 0.714287755
1351226 0.694452161 0.657156163
1368097 0.666665741 0.771445061
1373008 1 0.542867265
1380004 0.694452161 0.657156163
1380539 0.694452161 0.742867837
1382044 0.666665741 0.771445061
1401259 0.666665741 0.771445061
1402796 0.805556173 0.428578367
1405165 0.63889321 0.742867837
1407404 0.63889321 0.742867837
1415286 0.749997222 0.57144449
1415937 0.861112346 0.685710531
1417454 0.805556173 0.714287755
1426390 0.666665741 0.771445061
1427686 0.861112346 0.685710531
1428911 0.666665741 0.771445061
1442675 0.63889321 0.799999429
1451526 0.666665741 0.771445061
1451624 0.666665741 0.799999429
1452441 0.63889321 0.742867837
1454174 0.694452161 0.742867837
1465949 0.666665741 0.771445061
1467111 0.63889321 0.714287755
1467930 0.666665741 0.771445061
1470676 0.805556173 0.714287755
1473635 0.666665741 0.771445061
1475712 0.694452161 0.742867837
1478407 0.749997222 0.57144449
1479946 0.666665741 0.771445061
1484141 0.749997222 0.714287755
1487540 0.666665741 0.799999429
1488490 0.694452161 0.742867837
1488968 0.416662963 0.857156735
1489965 0.666665741 0.742867837
1492775 0.666665741 0.742867837
1493272 0.666665741 0.771445061
1494095 0.611109568 0.771445061
1495269 0.888895988 0.57144449
1501582 0.666665741 0.771445061
1507389 0.63889321 0.771445061
1508612 0.805556173 0.428578367
1509173 0.749997222 0.714287755
1510374 0.63889321 0.742867837
1510571 0.666665741 0.799999429
1511245 0.63889321 0.742867837
1521594 0.666665741 0.771445061
1522351 0.63889321 0.799999429
1527867 0.666665741 0.742867837
1534629 0.694452161 0.657156163
1534862 0.694452161 0.742867837
1536787 0.749997222 0.714287755
1539044 0.666665741 0.771445061
1542006 0.138887654 0.685710531
1545662 0.749997222 0.57144449
1546866 0.666665741 0.799999429
1547589 0.666665741 0.742867837
1549627 1 0.657156163
1558073 0.63889321 0.799999429
1559234 0.749997222 0.714287755
1559691 0.63889321 0.714287755
1561528 0.36110679 0.542867265
1562568 0.63889321 0.742867837
1562928 0.611109568 0.771445061
1564186 0.916671296 0.200000571
1564918 0.666665741 0.771445061
1567140 0.694452161 0.742867837
1568396 0.666665741 0.742867837
1571490 0.666665741 0.771445061
1573967 0.666665741 0.771445061
1576866 0.63889321 0.742867837
1578220 0.666665741 0.799999429
1578394 0.666665741 0.771445061
1579989 0.63889321 0.400001143
1583545 0.694452161 0.742867837
1585532 0.527778086 0.771445061
1587175 0.63889321 0.799999429
1588080 0.861112346 0.685710531
1588784 1 0.657156163
1590289 1 0.657156163
1594694 0.63889321 0.742867837
1594779 0.666665741 0.771445061
1595099 0.63889321 0.742867837
1596594 0.666665741 0.742867837
1601931 0.888895988 0.657156163
1603523 0.749997222 0.57144449
1603918 0.666665741 0.742867837
1609876 0.666665741 0.771445061
1610580 0.694452161 0.742867837
1611087 0.805556173 0.714287755
1611311 0.666665741 0.799999429
1613193 0.666665741 0.799999429
1613634 0.888895988 0.57144449
1614026 0.666665741 0.771445061
1614028 0.888895988 0.57144449
1617101 0.666665741 0.742867837
1618555 0.63889321 0.742867837
1621548 1 0.657156163
1625815 0.63889321 0.742867837
1626408 1 0.657156163
1626916 0.611109568 0.771445061
1627496 0.63889321 0.742867837
1633103 0.63889321 0.742867837
1635199 0.749997222 0.57144449
1635668 1 0.657156163
1641093 0.63889321 0.799999429
1644114 0.666665741 0.799999429
1646128 0.694452161 0.742867837
1649080 0.861112346 0.685710531
1655162 1 0.657156163
1658059 0.694452161 0.657156163
1663085 1 0.657156163
1664938 0.666665741 0.771445061
1665147 0.666665741 0.742867837
1666439 0.666665741 0.742867837
1667520 0.805556173 0.57144449
1669259 0.416662963 0.857156735
1670220 0.63889321 0.799999429
1671115 0.749997222 0.714287755
1671339 0.63889321 0.742867837
1672209 0.666665741 0.799999429
1676167 0.666665741 0.799999429
1678067 0.749997222 0.714287755
1680450 0.861112346 0.685710531
1681402 0.666665741 0.771445061
1683370 0.666665741 0.771445061
1684506 0.63889321 0.771445061
1686920 0.805556173 0.714287755
1687306 0.805556173 0.57144449
1687517 0.805556173 0.714287755
1687797 1 0.657156163
1694750 0.666665741 0.742867837
1695657 0.555550617 0.657156163
1698706 0.805556173 0.25715502
1703144 0.63889321 0.771445061
1703207 0.666665741 0.742867837
1704276 0.63889321 0.771445061
1707682 1 0.457155592
1709021 0.611109568 0.771445061
1709331 0.63889321 0.742867837
1709983 0.416662963 0.857156735
1712211 0.944454938 0.685710531
1712755 0.749997222 0.57144449
1714747 0.888895988 0.57144449
1716142 0.888895988 0.657156163
1717536 0.36110679 0.542867265
1721704 0.666665741 0.771445061
1722850 0.944454938 0.685710531
1723736 1 0.542867265
1723784 0.666665741 0.771445061
1726496 0.527778086 0.771445061
1727484 0.63889321 0.714287755
1728639 0.749997222 0.714287755
1732010 0.805556173 0.714287755
1732947 0.666665741 0.771445061
1734606 0.666665741 0.742867837
1734969 0.63889321 0.799999429
1735610 0.749997222 0.714287755
1737397 0.666665741 0.771445061
1739366 0.666665741 0.771445061
1741214 0.666665741 0.771445061
1742285 0.749997222 0.57144449
1744660 0.694452161 0.742867837
1747184 0.749997222 0.714287755
1749753 0.694452161 0.742867837
1752853 0.888895988 0.657156163
1753503 0.63889321 0.799999429
1760116 0.694452161 0.742867837
1764267 0.666665741 0.771445061
1767063 0.666665741 0.742867837
1767770 0.888895988 0.57144449
1768471 0.805556173 0.714287755
1770293 0.63889321 0.742867837
1772396 0.63889321 0.799999429
1775358 0.749997222 0.57144449
1777115 0.749997222 0.714287755
1780638 0.749997222 0.714287755
1781593 0.888895988 0.657156163
1782060 0.63889321 0.742867837
1790128 0.749997222 0.57144449
1790583 0.888895988 0.657156163
1797058 0.416662963 0.857156735
1798001 0.805556173 0.57144449
1799771 0.888895988 0.657156163
1807639 0.888895988 0.657156163
1814871 0.666665741 0.771445061
1816053 0.749997222 0.57144449
1817843 0.805556173 0.428578367
1819283 0.63889321 0.600001714
1846831 0.666665741 0.771445061
1945681 0.666665741 0.771445061
1945911 0.666665741 0.771445061
1956901 0.63889321 0.771445061
1964881 0.944454938 0.685710531
1979541 0.749997222 0.714287755
1985191 0.63889321 0.742867837
1987061 0.527778086 0.771445061
1989291 0.63889321 0.400001143
2055241 0.63889321 0.799999429
2066611 0.805556173 0.57144449
2068711 0.888895988 0.657156163
2078111 0.888895988 0.57144449
2163911 0.749997222 0.714287755
2196671 0.805556173 0.428578367
2220371 0.611109568 0.714287755
2259911 0.944454938 0.685710531
2282561 0.694452161 0.742867837
2286601 0.666665741 0.771445061
2293771 0.555550617 0.657156163
2342581 0.888895988 0.657156163
2373151 0.416662963 0.857156735
2380631 0.694452161 0.657156163
2390501 0.888895988 0.57144449
2415292 0.666665741 0.742867837
2415342 0.63889321 0.771445061
2433112 0.694452161 0.742867837
2445452 0.694452161 0.657156163
2457962 0.63889321 0.799999429
2482482 0.63889321 0.400001143
2492342 0.749997222 0.714287755
2496492 0.666665741 0.771445061
2510272 0.63889321 0.714287755
2552152 0.63889321 0.600001714
2568842 0.63889321 0.714287755
2590702 0.749997222 0.714287755
2597122 0.666665741 0.742867837
2642892 0.694452161 0.742867837
2692682 0.805556173 0.714287755
2699482 0.888895988 0.657156163
2714652 0.888895988 0.57144449
2728712 0.888895988 0.57144449
2749372 0.305547839 0.942865551
2749392 0.63889321 0.799999429
2752462 0.416662963 0.857156735
2758862 0.63889321 0.799999429
2759262 0.805556173 0.714287755
2794542 0.805556173 0.57144449
2823002 0.805556173 0.714287755
2843732 0.694452161 0.742867837
2864132 0.666665741 0.771445061
2918422 0.888895988 0.57144449
2949512 0.63889321 0.771445061
2968752 0.888895988 0.400001143
3028022 0.527778086 0.771445061
3028482 0.36110679 0.857156735
3046912 0.888895988 0.57144449
3054672 0.888895988 0.57144449
3109462 0.749997222 0.57144449
3140362 0.805556173 0.714287755
3154692 0.888895988 0.57144449
3159742 0.555550617 0.657156163
3169922 0.666665741 0.771445061
3173392 0.666665741 0.742867837
3196712 0.749997222 0.714287755
3198432 0.63889321 0.771445061
3202912 0.805556173 0.428578367
3260522 0.611109568 0.771445061
3333372 0.749997222 0.714287755
3333632 1 0.657156163
3379952 0.694452161 0.457155592
3396162 0.749997222 0.714287755
3418392 0.805556173 0.714287755
3430222 0.63889321 0.771445061
3437122 0.694452161 0.742867837
3471382 0.749997222 0.714287755
3475072 0.666665741 0.771445061
3479472 0.749997222 0.714287755
3485762 0.666665741 0.771445061
3494522 0.888895988 0.657156163
3495952 0.805556173 0.428578367
3520772 0.666665741 0.771445061
3522192 0.666665741 0.771445061
3545632 0.277775309 0.828576653
3546292 0.805556173 0.57144449
3573282 0.666665741 0.771445061
3587272 0.888895988 0.657156163
3609682 0.694452161 0.742867837
3630102 1 0.657156163
3630332 1 0.457155592
3656722 0.805556173 0.57144449
3663832 0.63889321 0.799999429
3664232 0.666665741 0.771445061
3685452 0.694452161 0.657156163
3713492 0.888895988 0.657156163
3722012 0.63889321 0.771445061
3736712 0.888895988 0.57144449
3747152 1 0.657156163
3749512 0.888895988 0.57144449
3762682 0.805556173 0.428578367
3771422 0.666665741 0.771445061
3773962 0.666665741 0.742867837
3778962 0.888895988 0.657156163
3792432 0.666665741 0.771445061
3807072 0.63889321 0.742867837
3807412 0.916671296 0.200000571
3833182 0.666665741 0.799999429
3854272 0.888895988 0.400001143
3863522 0.63889321 0.714287755
3870462 0.527778086 0.771445061
3874862 0.63889321 0.742867837
3891032 0.749997222 0.714287755
3950562 0.63889321 0.799999429
3951032 0.694452161 0.657156163
4009372 0.666665741 0.771445061
4080392 0.694452161 0.657156163
4103192 0.749997222 0.57144449
4113422 0.666665741 0.771445061
4144172 0.666665741 0.771445061
4199302 0.944454938 0.685710531
4207412 0.63889321 0.714287755
4218722 0.666665741 0.742867837
4219002 0.888895988 0.57144449
4255632 1 0.542867265
4299442 0.749997222 0.714287755
4327862 0.444446605 0.714287755
4329572 0.694452161 0.657156163
4331732 0.861112346 0.685710531
4379222 1 0.657156163
4380052 0.861112346 0.685710531
4388402 0.666665741 0.771445061
4453712 1 0.657156163
4505052 0.555550617 0.657156163
4509312 0.666665741 0.771445061
4535552 0.666665741 0.771445061
4552082 0.805556173 0.428578367
4573042 0.666665741 0.799999429
4596352 0.666665741 0.771445061
4601812 0.861112346 0.685710531
4605362 0.749997222 0.714287755
4606062 0.888895988 0.657156163
4606862 0.749997222 0.714287755
4622262 0.694452161 0.742867837
4632322 0.805556173 0.428578367
4657782 0.63889321 0.771445061
4800042 0.749997222 0.714287755
4862652 0.666665741 0.771445061
4872732 0.749997222 0.714287755
4883572 0.555550617 0.657156163
4935612 0.666665741 0.771445061
4936832 0.666665741 0.771445061
4975992 0.666665741 0.771445061
5025552 0.888895988 0.400001143
5029712 0.666665741 0.771445061
5119352 0.611109568 0.771445061
5136722 1 0.657156163
5206572 0.666665741 0.799999429
5300812 0.694452161 0.657156163
5333152 0.611109568 0.771445061
5349982 0.63889321 0.742867837
5374192 0.666665741 0.771445061
5484832 0.888895988 0.657156163
5516522 0.63889321 0.771445061
5609892 0.694452161 0.742867837
5611032 0.666665741 0.771445061
5646102 0.666665741 0.771445061
5648232 0.666665741 0.799999429
5694952 0.63889321 0.799999429
5710112 0.63889321 0.714287755
5717192 0.63889321 0.714287755
5758652 0.555550617 0.657156163
5811762 0.666665741 0.771445061
5820632 0.527778086 0.771445061
5845232 0.888895988 0.657156163
5889112 0.805556173 0.57144449
5912332 0.666665741 0.771445061
5925702 0.527778086 0.771445061
5948162 0.611109568 0.771445061
5981122 0.666665741 0.771445061
6009862 0.63889321 0.799999429
6104862 0.749997222 0.714287755
6113892 0.63889321 0.799999429
6139352 0.805556173 0.714287755
6207402 0.749997222 0.714287755
6224252 0.749997222 0.57144449
6258552 1 0.457155592
6262472 0.805556173 0.714287755
6270302 0.611109568 0.771445061
6287922 0.666665741 0.771445061
6438732 0.63889321 0.742867837
6470622 0.527778086 0.771445061
6472872 0.888895988 0.400001143
6596432 0.63889321 0.742867837
6642952 0.805556173 0.714287755
6705342 0.63889321 0.742867837
6712232 0.805556173 0.428578367
6753632 0.666665741 0.799999429
6756852 0.694452161 0.742867837
6806102 0.749997222 0.714287755
6884482 0.749997222 0.57144449
6914022 0.666665741 0.799999429
6941462 0.63889321 0.742867837
6944042 0.805556173 0.57144449
6962242 0.666665741 0.771445061
6964512 0.63889321 0.771445061
6965172 0.611109568 0.771445061
6996512 0.694452161 0.657156163
7078212 0.694452161 0.742867837
7093172 0.694452161 0.742867837
7118242 0.944454938 0.685710531
7141532 0.666665741 0.771445061
7154972 0.666665741 0.799999429
7174512 0.527778086 0.771445061
7175132 0.694452161 0.657156163
7208502 0.666665741 0.771445061
7255122 0.666665741 0.771445061
7383372 0.888895988 0.57144449
7399062 0.749997222 0.714287755
7508692 0.888895988 0.657156163
7521492 0.36110679 0.857156735
7527962 0.805556173 0.714287755
7540362 0.749997222 0.57144449
7643482 0.749997222 0.714287755
7714062 0.63889321 0.600001714
7714792 1 0.657156163
7760612 0.666665741 0.771445061
7798012 0.749997222 0.57144449
7834302 0.805556173 0.428578367
7847772 0.63889321 0.742867837
7857322 0.63889321 0.714287755
7877652 0.694452161 0.742867837
7973822 0.305547839 0.942865551
8007182 0.63889321 0.771445061
8019052 0.666665741 0.771445061
8047592 0.944454938 0.685710531
8047932 0.63889321 0.714287755
8052882 0.36110679 0.857156735
8087172 0.63889321 0.714287755
8096302 0.63889321 0.400001143
8100502 0.666665741 0.742867837
8156102 0.666665741 0.742867837
8171242 0.666665741 0.799999429
8181082 0.944454938 0.685710531
8194342 0.805556173 0.714287755
8308002 0.944454938 0.57144449
8336972 0.611109568 0.771445061
8417592 0.666665741 0.771445061
8588222 0.666665741 0.799999429
8726642 0.749997222 0.57144449
8871122 0.694452161 0.742867837
8885282 0.805556173 0.428578367
8906592 0.666665741 0.771445061
8931692 0.666665741 0.742867837
9034082 0.916671296 0.200000571
9072812 0.749997222 0.714287755
9169272 0.63889321 0.742867837
9218642 0.63889321 0.799999429
9230552 0.63889321 0.799999429
9231422 0.944454938 0.57144449
9297322 0.666665741 0.742867837
9383302 0.666665741 0.799999429
9435352 0.694452161 0.742867837
9491842 0.63889321 0.799999429
9492772 0.666665741 0.799999429
9547092 0.416662963 0.857156735
9625392 0.63889321 0.714287755
9658672 0.666665741 0.742867837
9801812 0.666665741 0.742867837
9885282 0.805556173 0.57144449
9886202 0.888895988 0.57144449
9892682 0.749997222 0.57144449
9907302 0.944454938 0.57144449
9915712 0.861112346 0.685710531
9968182 0.555550617 0.657156163
10037512 0.861112346 0.685710531
10113012 0.805556173 0.714287755
10144942 0.63889321 0.742867837
10205782 0.416662963 0.857156735
10253022 0.63889321 0.742867837
10292952 0.805556173 0.714287755
10332252 0.63889321 0.742867837
10345792 0.666665741 0.771445061
10398412 0.749997222 0.57144449
10432902 0.63889321 0.714287755
10447522 0.749997222 0.714287755
10471132 0.888895988 0.657156163
10530722 0.666665741 0.799999429
10555772 0.416662963 0.857156735
10583062 0.944454938 0.685710531
10587782 0.749997222 0.714287755
10596742 0.416662963 0.857156735
10602672 0.888895988 0.57144449
10603612 0.944454938 0.57144449
10638762 0.666665741 0.742867837
10897032 0.63889321 0.771445061
10907212 0.805556173 0.57144449
10917332 0.63889321 0.714287755
10982362 0.944454938 0.685710531
11023912 0.666665741 0.742867837
11122252 0.888895988 0.57144449
11133102 0.749997222 0.714287755
11157122 0.805556173 0.714287755
11161222 0.694452161 0.657156163
11209442 0.666665741 0.771445061
11211102 0.694452161 0.742867837
11241862 1 0.542867265
11268332 0.666665741 0.799999429
11268652 0.666665741 0.771445061
11269202 0.666665741 0.799999429
11286672 0.666665741 0.771445061
11327592 0.63889321 0.742867837
11340662 0.666665741 0.742867837
11363302 0.63889321 0.742867837
11426982 0.63889321 0.714287755
11429422 0.63889321 0.799999429
11482852 0.805556173 0.428578367
11503092 0.666665741 0.771445061
11537712 0.805556173 0.714287755
11547912 0.63889321 0.742867837
11549632 1 0.657156163
11560042 0.805556173 0.714287755
11674032 0.861112346 0.685710531
11695722 0.666665741 0.742867837
11732872 0.749997222 0.57144449
11806582 0.611109568 0.771445061
11870222 0.749997222 0.714287755
11879282 0.805556173 0.428578367
11970832 0.416662963 0.857156735
12064552 0.694452161 0.657156163
12112732 0.944454938 0.685710531
12125382 0.749997222 0.714287755
12220382 0.861112346 0.685710531
12335782 0.694452161 0.742867837
12368722 0.527778086 0.771445061
12540672 0.805556173 0.57144449
12574782 0.63889321 0.742867837
12606282 0.63889321 0.799999429
12623572 0.63889321 0.600001714
12704472 0.805556173 0.57144449
12722182 0.63889321 0.714287755
12738232 0.805556173 0.714287755
12754422 0.805556173 0.57144449
12758322 0.63889321 0.742867837
12856542 0.63889321 0.714287755
12895682 0.694452161 0.742867837
12930932 0.944454938 0.57144449
13115952 0.749997222 0.57144449
13143212 0.63889321 0.742867837
13144022 0.749997222 0.714287755
13199352 0.666665741 0.742867837
13271492 0.666665741 0.742867837
13297322 0.63889321 0.742867837
13340832 0.666665741 0.771445061
13382382 1 0.542867265
13398132 0.805556173 0.714287755
13465892 0.63889321 0.799999429
13474022 0.63889321 0.742867837
13503982 0.666665741 0.771445061
13521762 0.63889321 0.742867837
13523602 0.666665741 0.771445061
13543642 0.666665741 0.771445061
13590772 0.805556173 0.714287755
13606792 0.805556173 0.714287755
13661062 0.416662963 0.857156735
13693192 0.888895988 0.657156163
13697782 0.944454938 0.57144449
13709042 0.63889321 0.742867837
13789152 0.694452161 0.742867837
13905912 0.749997222 0.57144449
13994432 0.805556173 0.57144449
14176842 0.63889321 0.799999429
14221112 0.666665741 0.771445061
14291622 0.611109568 0.771445061
14313032 0.694452161 0.742867837
14319022 0.666665741 0.771445061
14414142 0.63889321 0.714287755
14477032 0.63889321 0.742867837
14481682 1 0.657156163
14525472 0.861112346 0.685710531
14531122 0.666665741 0.799999429
14536072 0.944454938 0.685710531
14559882 0.666665741 0.771445061
14647082 0.666665741 0.771445061
14651022 0.63889321 0.742867837
14668672 0.694452161 0.742867837
14710682 0.63889321 0.799999429
14773772 0.888895988 0.657156163
14781982 0.861112346 0.685710531
14844872 0.888895988 0.57144449
14858822 0.666665741 0.742867837
14894052 0.416662963 0.857156735
14902582 0.63889321 0.742867837
14981862 0.805556173 0.57144449
15026672 0.805556173 0.428578367
15050912 0.416662963 0.857156735
15139932 0.805556173 0.57144449
15145942 0.63889321 0.600001714
15197732 0.472221914 0.828576653
15209802 0.805556173 0.714287755
15224482 0.666665741 0.799999429
15250052 0.805556173 0.57144449
15308472 0.694452161 0.742867837
15312572 0.416662963 0.857156735
15316702 0.611109568 0.771445061
15413212 0.63889321 0.742867837
15423372 0.805556173 0.57144449
15565042 0.861112346 0.685710531
15581722 0.805556173 0.57144449
15617092 0.888895988 0.657156163
15626752 0.63889321 0.742867837
15702562 0.694452161 0.742867837
15785852 0.749997222 0.714287755
15809472 0.805556173 0.57144449
15831352 0.666665741 0.799999429
16064872 0.749997222 0.714287755
16107592 0.749997222 0.714287755
16145702 0.666665741 0.799999429
16161712 0.888895988 0.657156163
16185202 0.749997222 0.57144449
16208282 0.666665741 0.771445061
16255552 0.888895988 0.657156163
16262682 0.805556173 0.57144449
16328752 0.444446605 0.714287755
16388602 0.666665741 0.771445061
16388942 0.749997222 0.714287755
16410682 0.694452161 0.742867837
16438662 0.111104012 0.542867265
16516372 0.805556173 0.57144449
16529272 0.666665741 0.799999429
16599082 0.63889321 0.799999429
16621602 0.527778086 0.771445061
16681882 0.749997222 0.57144449
16750102 0.694452161 0.742867837
16751862 0.611109568 0.771445061
16755792 0.694452161 0.742867837
16783612 0.416662963 0.857156735
16878972 0.666665741 0.742867837
16893732 0.666665741 0.742867837
16963212 0.944454938 0.685710531
17013872 0.805556173 0.714287755
17028062 0.749997222 0.57144449
17052382 0.694452161 0.742867837
17083902 0.805556173 0.57144449
17133312 0.666665741 0.799999429
17133512 0.861112346 0.685710531
17150392 0.63889321 0.714287755
17152052 0.555550617 0.657156163
17173702 0.805556173 0.714287755
17182192 0.694452161 0.742867837
17189572 0.666665741 0.742867837
17243422 0.63889321 0.742867837
17267982 0.749997222 0.57144449
17287502 0.805556173 0.714287755
17302342 0.694452161 0.742867837
17320172 0.666665741 0.799999429
17334612 0.888895988 0.57144449
17360482 0.527778086 0.771445061
17486462 0.805556173 0.428578367
17532162 0.63889321 0.714287755
17606542 0.666665741 0.742867837
17609062 0.861112346 0.685710531
17622072 0.805556173 0.714287755
17627432 0.666665741 0.742867837
17643982 0.611109568 0.771445061
17681132 0.888895988 0.400001143
17700932 0.805556173 0.714287755
17759852 0.805556173 0.714287755
17782622 0.805556173 0.57144449
17800622 0.749997222 0.714287755
17816622 0.416662963 0.857156735
17822882 0.749997222 0.714287755
17878842 0.666665741 0.742867837
17920522 0.888895988 0.657156163
17920612 0.63889321 0.714287755
17927582 1 0.542867265
17948482 0.694452161 0.742867837
17975312 1 0.657156163
17984362 0.805556173 0.428578367
17987952 0.63889321 0.742867837
18045162 0.888895988 0.657156163
18054362 1 0.457155592
18141482 0.805556173 0.428578367
18176475 0.749997222 0.714287755
18178873 0.63889321 0.742867837
18184392 1 0.657156163
18186708 0.749997222 0.714287755
18186832 0.749997222 0.714287755
18189115 0.888895988 0.657156163
18194579 0.666665741 0.771445061
18198737 0.666665741 0.742867837
18199974 0.666665741 0.771445061
18201231 0.944454938 0.685710531
18204333 0.444446605 0.542867265
18207397 0.888895988 0.657156163
18207542 0.444446605 0.714287755
18207811 0.63889321 0.742867837
18209263 0.805556173 0.714287755
18211794 0.250002778 0.685710531
18212287 0.63889321 0.742867837
18214730 0.888895988 0.657156163
18223910 0.63889321 0.714287755
18230855 0.805556173 0.57144449
18234777 0.527778086 0.771445061
18240369 1 0.542867265
18240526 0.63889321 0.799999429
18250250 0.749997222 0.57144449
18255177 0.63889321 0.742867837
18255289 0.63889321 0.742867837
18255861 0.749997222 0.714287755
18257796 0.63889321 0.771445061
18261824 0.666665741 0.742867837
18263969 0.63889321 0.742867837
18266658 1 0.457155592
18268776 0.666665741 0.799999429
18269283 0.888895988 0.657156163
18270981 0.666665741 0.799999429
18276558 0.749997222 0.714287755
18284921 0.63889321 0.742867837
18286122 0.63889321 0.771445061
18290224 0.416662963 0.857156735
18292530 0.666665741 0.771445061
18296077 0.861112346 0.685710531
18297050 0.63889321 0.742867837
18297833 0.666665741 0.799999429
18298500 0.749997222 0.57144449
18300996 0.666665741 0.771445061
18302391 0.666665741 0.742867837
18306807 0.805556173 0.25715502
18307205 0.611109568 0.771445061
18309939 0.888895988 0.657156163
18312080 1 0.542867265
18312341 0.861112346 0.685710531
18314100 0.666665741 0.742867837
18316166 0.666665741 0.771445061
18316722 0.666665741 0.799999429
18320041 0.63889321 0.771445061
18328801 0.666665741 0.771445061
18335317 0.888895988 0.657156163
18340215 0.611109568 0.771445061
18340847 0.63889321 0.714287755
18344407 0.749997222 0.714287755
18346471 0.63889321 0.714287755
18348031 0.666665741 0.742867837
18348580 0.805556173 0.714287755
18348731 0.666665741 0.771445061
18351509 0.666665741 0.771445061
18358502 0.63889321 0.742867837
18364592 0.63889321 0.771445061
18371658 0.666665741 0.742867837
18372548 0.305547839 0.942865551
18374627 0.749997222 0.714287755
18374697 0.749997222 0.714287755
18375807 0.888895988 0.657156163
18386073 0.666665741 0.742867837
18391042 0.666665741 0.771445061
18392323 0.666665741 0.742867837
18394284 0.805556173 0.428578367
18394578 0.749997222 0.57144449
18396228 0.805556173 0.714287755
18401472 1 0.657156163
18401540 0.611109568 0.771445061
18402686 0.666665741 0.771445061
18405774 0.749997222 0.57144449
18405897 0.666665741 0.799999429
18406981 1 0.657156163
18411326 0.666665741 0.799999429
18413926 0.666665741 0.771445061
18420231 0.749997222 0.57144449
18420642 0.666665741 0.742867837
18422435 0.63889321 0.714287755
18422648 0.63889321 0.742867837
18430413 0.472221914 0.828576653
18430498 1 0.542867265
18436519 0.666665741 0.799999429
18441033 0.63889321 0.799999429
18442457 0.749997222 0.714287755
18443957 0.666665741 0.771445061
18444238 0.277775309 0.828576653
18444835 0.944454938 0.57144449
18445806 0.861112346 0.685710531
18446118 0.805556173 0.57144449
18452573 0.63889321 0.771445061
18456912 0.416662963 0.857156735
18458693 0.805556173 0.428578367
18459220 0.611109568 0.771445061
18459330 0.749997222 0.57144449
18467859 0.111104012 0.799999429
18467897 0.63889321 0.742867837
18468562 0.666665741 0.771445061
18471911 0.555550617 0.657156163
18472146 0.666665741 0.771445061
18472666 0.63889321 0.600001714
18475182 0.694452161 0.657156163
18475894 0.666665741 0.742867837
18481865 0.63889321 0.742867837
18490221 0.805556173 0.714287755
18490633 0.63889321 0.742867837
18500256 0.63889321 0.799999429
18504133 0.63889321 0.714287755
18506173 0.749997222 0.714287755
18509759 0.749997222 0.57144449
18512280 0.694452161 0.657156163
18516477 0.63889321 0.742867837
18518045 0.611109568 0.771445061
18518851 0.749997222 0.714287755
18519177 0.666665741 0.771445061
18521184 0.749997222 0.714287755
18522084 0.63889321 0.799999429
18529809 0.63889321 0.714287755
18530815 0.63889321 0.799999429
18530997 0.666665741 0.742867837
18532170 0.63889321 0.799999429
18534061 0.63889321 0.714287755
18538079 0.805556173 0.428578367
18540641 0.694452161 0.742867837
18542051 0.861112346 0.685710531
18542893 0.63889321 0.714287755
18544432 0.888895988 0.657156163
18544565 0.666665741 0.771445061
18545552 0.694452161 0.742867837
18545970 0.63889321 0.799999429
18546104 0.63889321 0.742867837
18548540 0.63889321 0.799999429
18556213 1 0.657156163
18557717 0.63889321 0.799999429
18557774 0.944454938 0.685710531
18558792 0.63889321 0.799999429
18561862 0.666665741 0.742867837
18562270 0.666665741 0.742867837
18574150 0.888895988 0.57144449
18579403 0.63889321 0.799999429
18580112 0.861112346 0.685710531
18581903 0.63889321 0.742867837
18583579 0.63889321 0.799999429
18583936 0.527778086 0.771445061
18587395 0.861112346 0.685710531
18588330 0.63889321 0.742867837
18591087 0.63889321 0.799999429
18593548 0.666665741 0.742867837
18593602 0.63889321 0.799999429
18595630 0.63889321 0.799999429
18598054 0.63889321 0.799999429
18602847 0.694452161 0.657156163
18605103 0.555550617 0.657156163
18606548 1 0.657156163
18608006 0.861112346 0.685710531
18610298 0.250002778 0.685710531
18612072 0.63889321 0.799999429
18612789 0.888895988 0.57144449
18613178 0.805556173 0.714287755
18617355 0.527778086 0.771445061
18619832 0.63889321 0.742867837
18634352 0.555550617 0.657156163
18639098 0.944454938 0.685710531
18646646 0.666665741 0.771445061
18651990 0.805556173 0.714287755
18653653 0.888895988 0.57144449
18661675 0.944454938 0.25715502
18661716 0.63889321 0.799999429
18662209 0.666665741 0.771445061
18666697 0.666665741 0.771445061
18667849 0.611109568 0.771445061
18673431 0.63889321 0.771445061
18675406 0.63889321 0.799999429
18675703 0.63889321 0.799999429
18676785 0.694452161 0.657156163
18677811 0.63889321 0.799999429
18679385 0.694452161 0.742867837
18679539 0.63889321 0.799999429
18683989 0.944454938 0.685710531
18684262 0.63889321 0.600001714
18684268 0.63889321 0.742867837
18684480 0.63889321 0.799999429
18685812 0.666665741 0.771445061
18688235 0.63889321 0.799999429
18694245 0.63889321 0.742867837
18694255 0.63889321 0.799999429
18699329 0.666665741 0.799999429
18709146 0.63889321 0.799999429
18709526 0.861112346 0.685710531
18709671 0.63889321 0.799999429
18713265 0.749997222 0.57144449
18715353 0.63889321 0.799999429
18715381 0.944454938 0.685710531
18716227 0.861112346 0.685710531
18722195 0.63889321 0.799999429
18724954 1 0.542867265
18726442 0.666665741 0.771445061
18732367 0.63889321 0.799999429
18734687 0.666665741 0.771445061
18744172 0.63889321 0.799999429
18745011 0.888895988 0.57144449
18755063 0.527778086 0.771445061
18759464 0.63889321 0.799999429
18779462 0.749997222 0.57144449
18780083 0.944454938 0.685710531
18780583 0.805556173 0.714287755
18788714 0.666665741 0.742867837
18797832 0.666665741 0.771445061
18799134 0.63889321 0.799999429
18804878 0.666665741 0.742867837
18805116 0.63889321 0.799999429
18808931 0.666665741 0.742867837
18815049 0.63889321 0.799999429
18817389 0.666665741 0.771445061
18821144 0.694452161 0.657156163
18830606 0.63889321 0.799999429
18842249 0.63889321 0.742867837
18842672 0.555550617 0.657156163
18845396 0.63889321 0.771445061
18849369 0.888895988 0.657156163
18852650 0.527778086 0.771445061
18856313 0.63889321 0.799999429
18861585 0.666665741 0.771445061
18866621 0.63889321 0.799999429
18869360 0.944454938 0.685710531
18872214 0.63889321 0.714287755
18876811 0.63889321 0.799999429
18880221 0.861112346 0.685710531
18880426 0.63889321 0.742867837
18880495 0.63889321 0.771445061
18889173 0.749997222 0.714287755
18892841 0.888895988 0.657156163
18894458 0.666665741 0.742867837
18899146 0.63889321 0.799999429
18902608 0.749997222 0.714287755
18916488 0.805556173 0.714287755
18920258 0.861112346 0.685710531
18922355 0.63889321 0.714287755
18922856 0.805556173 0.714287755
18926105 0.666665741 0.799999429
18927379 0.63889321 0.742867837
18935525 0.888895988 0.57144449
18941048 0.694452161 0.657156163
18941264 0.63889321 0.799999429
18944909 0.416662963 0.857156735
18946222 0.805556173 0.57144449
18952043 0.63889321 0.799999429
18956146 0.666665741 0.799999429
18958055 0.63889321 0.799999429
18961308 0.888895988 0.57144449
18961729 0.861112346 0.685710531
18963182 0.63889321 0.714287755
18969403 0.63889321 0.799999429
18970949 0.666665741 0.771445061
18974291 0.749997222 0.57144449
18976796 0.694452161 0.657156163
18977351 0.805556173 0.714287755
18980135 0.694452161 0.657156163
18982898 0.63889321 0.799999429
18983011 0.666665741 0.771445061
18984746 0.666665741 0.799999429
18989609 0.666665741 0.771445061
18992841 0.805556173 0.714287755
18995522 0.63889321 0.742867837
18998418 0.749997222 0.714287755
19001910 0.861112346 0.685710531
19003294 0.861112346 0.685710531
19011570 0.888895988 0.57144449
19012818 0.666665741 0.799999429
19016508 0.63889321 0.799999429
19020663 0.63889321 0.799999429
19024686 0.749997222 0.714287755
19025256 0.888895988 0.657156163
19025636 0.416662963 0.857156735
19027309 0.749997222 0.714287755
19028046 0.63889321 0.799999429
19030850 0.63889321 0.799999429
19048145 0.63889321 0.742867837
19048454 0.472221914 0.828576653
19052493 0.611109568 0.771445061
19054684 0.666665741 0.771445061
19056231 0.138887654 0.685710531
19057492 0.63889321 0.799999429
19059987 0.472221914 0.828576653
19060454 0.888895988 0.657156163
19067378 0.749997222 0.57144449
19069560 0.555550617 0.657156163
19075604 0.666665741 0.799999429
19076239 0.944454938 0.685710531
19080496 1 0.657156163
19091547 0.63889321 0.799999429
19092899 0.944454938 0.57144449
19097290 0.63889321 0.799999429
19099107 0.63889321 0.799999429
19106392 0.527778086 0.771445061
19107323 0.63889321 0.799999429
19109309 0.63889321 0.799999429
19120712 0.63889321 0.714287755
19128289 0.861112346 0.685710531
19128913 0.861112346 0.685710531
19130435 0.63889321 0.799999429
19131298 0.694452161 0.657156163
19134256 0.63889321 0.771445061
19135608 0.63889321 0.742867837
19135626 0.666665741 0.742867837
19142258 0.666665741 0.799999429
19145270 0.63889321 0.799999429
19148090 0.666665741 0.742867837
19148628 0.666665741 0.771445061
19151214 0.63889321 0.799999429
19154321 0.694452161 0.742867837
19157892 0.861112346 0.685710531
19167463 0.805556173 0.428578367
19171869 0.63889321 0.799999429
19179454 0.888895988 0.657156163
19187546 0.916671296 0.200000571
19187683 0.805556173 0.714287755
19203922 0.944454938 0.685710531
19206818 0.63889321 0.799999429
19213170 0.63889321 0.771445061
19214983 0.666665741 0.799999429
19215265 0.63889321 0.714287755
19215877 0.36110679 0.857156735
19216489 0.694452161 0.657156163
19218613 0.63889321 0.799999429
19219692 0.805556173 0.714287755
19228347 0.749997222 0.714287755
19230043 0.63889321 0.742867837
19233458 0.749997222 0.714287755
19237863 0.63889321 0.799999429
19249783 0.694452161 0.657156163
19256379 0.805556173 0.428578367
19266533 0.63889321 0.799999429
19278517 0.63889321 0.799999429
19286138 0.666665741 0.799999429
19289807 0.888895988 0.657156163
19290289 0.694452161 0.657156163
19295545 0.63889321 0.799999429
19308603 0.63889321 0.742867837
19311020 0.63889321 0.799999429
19334593 0.138887654 0.685710531
19335109 0.63889321 0.799999429
19343175 0.666665741 0.771445061
19343915 0.888895988 0.657156163
19349282 0.63889321 0.799999429
19357896 0.63889321 0.799999429
19360275 0.138887654 0.685710531
19364431 0.805556173 0.57144449
19369463 0.63889321 0.742867837
19375260 0.888895988 0.657156163
19414205 0.63889321 0.799999429
19429522 1 0.542867265
19441772 0.555550617 0.657156163
19448592 0.63889321 0.799999429
19449962 0.805556173 0.714287755
19450852 0.694452161 0.657156163
19451062 0.63889321 0.799999429
19460945 0.416662963 0.857156735
19470034 0.694452161 0.657156163
19479074 0.888895988 0.657156163
19479463 0.63889321 0.799999429
19494337 0.694452161 0.742867837
19505205 0.63889321 0.799999429
19507474 0.805556173 0.428578367
19508470 0.63889321 0.799999429
19508795 0.694452161 0.742867837
19508966 1 0.657156163
19524497 0.694452161 0.742867837
19525462 0.63889321 0.799999429
19526842 0.63889321 0.714287755
19527750 0.666665741 0.771445061
19532017 0.861112346 0.685710531
19541855 0.694452161 0.742867837
19556968 0.805556173 0.714287755
19557327 0.805556173 0.714287755
19557835 0.555550617 0.657156163
19559830 0.749997222 0.57144449
19580044 0.63889321 0.799999429
19581359 0.666665741 0.771445061
19586976 0.611109568 0.771445061
19589702 0.63889321 0.799999429
19600179 0.63889321 0.799999429
19605514 0.888895988 0.657156163
19605904 0.63889321 0.742867837
19610099 0.694452161 0.742867837
19616805 0.749997222 0.400001143
19628554 0.666665741 0.742867837
19635601 0.694452161 0.742867837
19635932 0.694452161 0.657156163
19636424 0.749997222 0.400001143
19638166 0.666665741 0.771445061
19643944 0.63889321 0.799999429
19648224 0.63889321 0.799999429
19649202 0.666665741 0.799999429
19649266 0.666665741 0.799999429
19652242 0.805556173 0.57144449
19657851 0.888895988 0.400001143
19658486 0.63889321 0.799999429
19666015 0.63889321 0.799999429
19670144 0.63889321 0.799999429
19682728 0.666665741 0.799999429
19686070 0.611109568 0.771445061
19688294 0.694452161 0.742867837
19690674 0.666665741 0.742867837
19691134 0.63889321 0.799999429
19705555 0.749997222 0.714287755
19707231 0.805556173 0.714287755
19707901 0.805556173 0.428578367
19712846 0.63889321 0.742867837
19713202 0.63889321 0.799999429
19714647 0.805556173 0.714287755
19717614 0.666665741 0.799999429
19723227 0.63889321 0.771445061
19724290 0.888895988 0.657156163
19726604 0.63889321 0.799999429
19727906 0.749997222 0.57144449
19728384 0.63889321 0.799999429
19739464 0.63889321 0.799999429
19757261 0.63889321 0.799999429
19757426 0.749997222 0.57144449
19761935 0.63889321 0.799999429
19769307 0.611109568 0.771445061
19773876 0.666665741 0.771445061
19780380 0.63889321 0.799999429
19782994 0.749997222 0.714287755
19783124 0.416662963 0.857156735
19783209 0.63889321 0.799999429
19795684 0.63889321 0.799999429
19801261 0.472221914 0.828576653
19803668 0.888895988 0.657156163
19803764 0.666665741 0.742867837
19803831 0.888895988 0.657156163
19805481 0.805556173 0.714287755
19808359 0.63889321 0.799999429
19811817 0.63889321 0.799999429
19821651 0.333331481 0.657156163
19822306 0.63889321 0.799999429
19824787 1 0.457155592
19827518 0.36110679 0.542867265
19829254 0.666665741 0.771445061
19833047 0.666665741 0.771445061
19833116 0.63889321 0.799999429
19833556 0.63889321 0.799999429
19836510 0.861112346 0.685710531
19842338 1 0.457155592
19843955 0.805556173 0.714287755
19845478 0.805556173 0.25715502
19851847 0.63889321 0.799999429
19853942 0.805556173 0.428578367
19860873 0.63889321 0.799999429
19860978 0.250002778 0.685710531
19861027 0.666665741 0.771445061
19865399 0.749997222 0.714287755
19867535 0.888895988 0.400001143
19868377 0.666665741 0.742867837
19868467 0.63889321 0.742867837
19877032 0.63889321 0.799999429
19884197 0.749997222 0.714287755
19898860 1 0.657156163
19900878 0.805556173 0.714287755
19904508 1 0.457155592
19907043 0.63889321 0.714287755
19907205 0.888895988 0.657156163
19907842 0.749997222 0.57144449
19909257 0.63889321 0.799999429
19913762 0.63889321 0.771445061
19915240 0.63889321 0.799999429
19916202 0.63889321 0.799999429
19916755 0.63889321 0.799999429
19928966 0.805556173 0.57144449
19929281 0.666665741 0.742867837
19929796 0.805556173 0.428578367
19930997 0.888895988 0.657156163
19933698 0.63889321 0.799999429
19937448 0.63889321 0.799999429
19941328 0.63889321 0.771445061
19942304 0.63889321 0.799999429
19942355 0.805556173 0.714287755
19945939 0.666665741 0.771445061
19946517 0.666665741 0.771445061
19948438 0.611109568 0.771445061
19948522 0.63889321 0.799999429
19953303 0.63889321 0.799999429
19955133 0.63889321 0.799999429
19955139 0.63889321 0.799999429
19960193 0.63889321 0.714287755
19968702 0.63889321 0.799999429
19976956 0.749997222 0.714287755
19979401 0.63889321 0.799999429
19983075 0.63889321 0.799999429
19984298 0.527778086 0.771445061
19986153 0.63889321 0.799999429
19988047 0.63889321 0.714287755
19990805 0.611109568 0.771445061
19997250 0.63889321 0.799999429
19999545 0.666665741 0.742867837
20010288 0.805556173 0.714287755
20015560 0.63889321 0.742867837
20018772 0.944454938 0.57144449
20019442 0.749997222 0.57144449
20020181 0.63889321 0.799999429
20021857 0.63889321 0.799999429
20027594 0.63889321 0.600001714
20030018 0.63889321 0.799999429
20031044 0.666665741 0.799999429
20041014 0.63889321 0.799999429
20042558 0.63889321 0.799999429
20043002 0.805556173 0.714287755
20043373 0.666665741 0.799999429
20049834 0.63889321 0.799999429
20049977 0.666665741 0.771445061
20050060 0.63889321 0.799999429
20050140 0.63889321 0.742867837
20059213 0.63889321 0.799999429
20059943 0.694452161 0.657156163
20069493 0.63889321 0.799999429
20069775 0.63889321 0.799999429
20071102 0.36110679 0.542867265
20074371 0.63889321 0.799999429
20078887 0.63889321 0.714287755
20084833 0.666665741 0.799999429
20089604 0.63889321 0.799999429
20092855 0.277775309 0.828576653
20094348 0.63889321 0.799999429
20095868 0.63889321 0.799999429
20103245 0.63889321 0.799999429
20103278 0.63889321 0.799999429
20103351 0.250002778 0.685710531
20124711 0.63889321 0.799999429
20125152 0.527778086 0.771445061
20127442 0.63889321 0.799999429
20132202 0.36110679 0.542867265
20139715 0.63889321 0.799999429
20146035 0.888895988 0.57144449
20146866 0.63889321 0.799999429
20149148 0.555550617 0.657156163
20155584 0.63889321 0.799999429
20156580 0.63889321 0.799999429
20157026 0.63889321 0.799999429
20161158 0.666665741 0.771445061
20171727 0.63889321 0.799999429
20172280 0.63889321 0.799999429
20177041 0.861112346 0.685710531
20177124 0.805556173 0.57144449
20180480 0.694452161 0.742867837
20183411 0.666665741 0.771445061
20187580 0.944454938 0.685710531
20198327 0.666665741 0.771445061
20201941 0.63889321 0.799999429
20203729 0.666665741 0.771445061
20203816 0.63889321 0.714287755
20203854 0.63889321 0.799999429
20205403 0.63889321 0.771445061
20209884 0.527778086 0.771445061
20210684 0.63889321 0.799999429
20213013 0.63889321 0.799999429
20214220 0.63889321 0.799999429
20219449 0.194443827 1
20223214 0.63889321 0.799999429
20227647 0.63889321 0.714287755
20227677 0.666665741 0.771445061
20228605 0.63889321 0.799999429
20231825 0.666665741 0.799999429
20234797 0.63889321 0.799999429
20241863 0.63889321 0.799999429
20267504 0.63889321 0.799999429
20271668 0.63889321 0.799999429
20272019 0.666665741 0.799999429
20277171 0.63889321 0.714287755
20280762 0.666665741 0.799999429
20284553 0.749997222 0.714287755
20285851 0.944454938 0.685710531
20298657 0.63889321 0.799999429
20299316 0.666665741 0.771445061
20302739 0.666665741 0.742867837
20304536 0.694452161 0.657156163
20304878 0.63889321 0.742867837
20305221 0.63889321 0.799999429
20305488 0.63889321 0.799999429
20308443 0.666665741 0.771445061
20308692 0.666665741 0.771445061
20309618 0.63889321 0.799999429
20320065 0.666665741 0.742867837
20323948 0.63889321 0.742867837
20326072 0.666665741 0.771445061
20327221 0.666665741 0.771445061
20331979 0.63889321 0.799999429
20333231 0.63889321 0.799999429
20337902 0.63889321 0.799999429
20342060 0.63889321 0.742867837
20342454 0.63889321 0.742867837
20343041 0.194443827 1
20343477 0.749997222 0.714287755
20344035 0.63889321 0.799999429
20346999 0.694452161 0.742867837
20347576 0.63889321 0.799999429
20350014 0.666665741 0.771445061
20350201 0.666665741 0.771445061
20354048 0.63889321 0.799999429
20363679 0.63889321 0.799999429
20364063 0.555550617 0.657156163
20367694 0.666665741 0.742867837
20371216 0.63889321 0.799999429
20373804 0.63889321 0.799999429
20374677 0.666665741 0.771445061
20375250 0.63889321 0.799999429
20377115 0.63889321 0.799999429
20384435 0.694452161 0.742867837
20385210 0.749997222 0.57144449
20387662 0.63889321 0.799999429
20389252 0.63889321 0.799999429
20391420 0.63889321 0.799999429
20399106 0.694452161 0.742867837
20400624 0.749997222 0.714287755
20406993 0.666665741 0.771445061
20407204 0.63889321 0.799999429
20410187 0.416662963 0.857156735
20411152 0.63889321 0.799999429
20411980 0.694452161 0.742867837
20422775 0.63889321 0.799999429
20425359 0.63889321 0.799999429
20426733 0.611109568 0.771445061
20427032 0.63889321 0.799999429
20428510 0.888895988 0.657156163
20429074 0.63889321 0.799999429
20430209 0.63889321 0.799999429
20432623 0.63889321 0.799999429
20435158 0.805556173 0.25715502
20440784 0.63889321 0.799999429
20443537 0.63889321 0.799999429
20448074 0.666665741 0.771445061
20458709 0.63889321 0.799999429
20460140 0.63889321 0.799999429
20468926 0.666665741 0.771445061
20472495 0.861112346 0.685710531
20479742 0.63889321 0.799999429
20481052 0.63889321 0.799999429
20484032 0.63889321 0.799999429
20484531 0.63889321 0.799999429
20484725 0.611109568 0.771445061
20489982 0.63889321 0.799999429
20493021 1 0.657156163
20495659 0.805556173 0.428578367
20546078 0.63889321 0.799999429
20556044 0.63889321 0.799999429
20582296 0.694452161 0.742867837
20590840 1 0.542867265
20644446 0.63889321 0.799999429
20655899 0.63889321 0.799999429
20677471 0.63889321 0.799999429
20703300 0.63889321 0.799999429
20703825 0.63889321 0.799999429
20717734 0.666665741 0.742867837
20728068 0.63889321 0.799999429
20740853 0.63889321 0.799999429
20743655 0.63889321 0.799999429
20745540 0.63889321 0.799999429
20746435 0.749997222 0.714287755
20762308 0.63889321 0.799999429
20802196 1 0.657156163
20812896 0.694452161 0.657156163
20820532 0.63889321 0.799999429
20823994 0.63889321 0.799999429
20826888 0.666665741 0.742867837
20836234 0.63889321 0.799999429
20839612 0.749997222 0.714287755
20850865 0.666665741 0.771445061
20883439 0.63889321 0.799999429
20890987 0.666665741 0.742867837
20895509 0.63889321 0.799999429
20902229 0.805556173 0.57144449
20909942 0.63889321 0.799999429
20914255 0.63889321 0.799999429
20915260 0.63889321 0.799999429
20921213 0.694452161 0.657156163
20951612 0.666665741 0.799999429
20958303 0.944454938 0.685710531
20973898 0.63889321 0.799999429
20994995 0.63889321 0.799999429
21011955 0.611109568 0.771445061
21034577 0.472221914 0.828576653
21053987 0.63889321 0.799999429
21076749 0.63889321 0.799999429
21106088 0.63889321 0.714287755
21121161 0.63889321 0.799999429
21134698 0.63889321 0.799999429
21150175 0.63889321 0.771445061
21164914 0.63889321 0.799999429
21187599 0.63889321 0.799999429
21189122 0.63889321 0.799999429
21190731 0.63889321 0.799999429
21198729 0.63889321 0.799999429
21198799 0.611109568 0.771445061
21200879 0.36110679 0.371443918
21204249 0.63889321 0.799999429
21207356 0.63889321 0.799999429
21208117 0.63889321 0.799999429
21208748 0.63889321 0.799999429
21217591 0.805556173 0.25715502
21218241 0.63889321 0.799999429
21223054 0.944454938 0.685710531
21264189 0.63889321 0.799999429
21286531 0.63889321 0.799999429
21290734 0.63889321 0.799999429
21291794 0.666665741 0.742867837
21295873 0.63889321 0.799999429
21314253 0.63889321 0.742867837
21322974 0.749997222 0.714287755
21335927 0.63889321 0.799999429
21342032 0.694452161 0.657156163
21346016 0.63889321 0.799999429
21361394 0.63889321 0.771445061
21367653 0.63889321 0.799999429
21398667 0.63889321 0.799999429
21427035 0.63889321 0.799999429
21463761 0.63889321 0.600001714
21495678 0.63889321 0.799999429
21522160 0.63889321 0.799999429
21533114 0.611109568 0.771445061
21541128 0.63889321 0.799999429
21545098 0.63889321 0.799999429
21547197 0.63889321 0.799999429
21547386 0.111104012 0.799999429
21556494 0.666665741 0.771445061
21592249 0.666665741 0.799999429
21595368 0.63889321 0.799999429
21601331 0.666665741 0.771445061
21602330 0.805556173 0.57144449
21606259 0.805556173 0.428578367
21633626 0.63889321 0.799999429
21640071 0.666665741 0.799999429
21650709 0.749997222 0.714287755
21652495 0.666665741 0.742867837
21656973 0.63889321 0.799999429
21659496 0.63889321 0.714287755
21661553 0.63889321 0.714287755
21662941 0.527778086 0.771445061
21700734 0.63889321 0.799999429
21701599 0.63889321 0.799999429
21707587 0.138887654 0.685710531
21709158 0.63889321 0.799999429
21709856 0.63889321 0.799999429
21712572 0.63889321 0.799999429
21717865 0.749997222 0.57144449
21718738 0.861112346 0.685710531
21720972 0.63889321 0.799999429
21725591 0.63889321 0.799999429
21745700 0.888895988 0.57144449
21772191 0.63889321 0.799999429
21781777 0.555550617 0.657156163
21784115 0.63889321 0.799999429
21788737 0.888895988 0.57144449
21806057 0.63889321 0.799999429
21822658 0.666665741 0.771445061
21833554 0.666665741 0.771445061
21868961 0.63889321 0.799999429
21875978 0.749997222 0.57144449
21887277 0.805556173 0.714287755
21891705 0.694452161 0.742867837
21920805 0.63889321 0.799999429
21932736 0.63889321 0.799999429
21956170 0.666665741 0.742867837
21957392 0.63889321 0.799999429
21966720 0.666665741 0.771445061
21968606 0.63889321 0.799999429
21972553 1 0.457155592
21973461 0.666665741 0.771445061
21981075 0.250002778 0.685710531
21993155 0.63889321 0.799999429
22000719 0.63889321 0.799999429
22011710 0.666665741 0.799999429
22033686 0.63889321 0.799999429
22034004 0.63889321 0.799999429
22034166 0.888895988 0.57144449
22034742 0.63889321 0.799999429
22037199 0.63889321 0.799999429
22038802 0.63889321 0.799999429
22052818 0.666665741 0.742867837
22065179 0.63889321 0.799999429
22071430 0.63889321 0.799999429
22078545 0.888895988 0.57144449
22097427 0.63889321 0.799999429
22099452 0.805556173 0.714287755
22105641 0.888895988 0.657156163
22114915 0.63889321 0.799999429
22137195 0.63889321 0.799999429
22151622 0.63889321 0.799999429
22156914 0.63889321 0.799999429
22172959 0.63889321 0.799999429
22179793 0.63889321 0.799999429
22182884 0.63889321 0.799999429
22184586 0.63889321 0.799999429
22184968 0.63889321 0.799999429
22189683 0.805556173 0.57144449
22190106 0.63889321 0.799999429
22194699 0.63889321 0.799999429
22195742 0.63889321 0.799999429
22196673 0.805556173 0.428578367
22204131 0.63889321 0.799999429
22204343 0.63889321 0.799999429
22211099 0.694452161 0.657156163
22218795 0.63889321 0.799999429
22219285 0.63889321 0.799999429
22223749 0.63889321 0.799999429
22239432 0.63889321 0.799999429
22262380 0.749997222 0.57144449
22267036 0.888895988 0.57144449
22275058 0.666665741 0.771445061
22276832 0.666665741 0.742867837
22277359 0.666665741 0.771445061
22279470 0.63889321 0.799999429
22280812 0.63889321 0.799999429
22280841 0.63889321 0.799999429
22290892 0.63889321 0.799999429
22293337 0.63889321 0.742867837
22342356 0.63889321 0.799999429
22342403 0.805556173 0.714287755
22359529 0.749997222 0.714287755
22360762 0.63889321 0.799999429
22367558 0.805556173 0.57144449
22387440 0.63889321 0.799999429
22391826 0.749997222 0.714287755
22392267 0.63889321 0.799999429
22402465 0.666665741 0.742867837
22404773 0.63889321 0.799999429
22404917 0.63889321 0.799999429
22407587 0.666665741 0.771445061
22420321 0.63889321 0.514290041
22425990 0.63889321 0.799999429
22430307 0.749997222 0.714287755
22436848 0.944454938 0.685710531
22461443 0.805556173 0.57144449
22476115 0.527778086 0.771445061
22478628 0.805556173 0.714287755
22488643 0.861112346 0.685710531
22571193 0.63889321 0.799999429
22571466 0.63889321 0.799999429
22574825 0.63889321 0.799999429
22590439 0.805556173 0.714287755
22592416 0.694452161 0.742867837
22594140 0.805556173 0.57144449
22602804 0.63889321 0.799999429
22604289 0.63889321 0.799999429
22606646 0.63889321 0.799999429
22617483 0.63889321 0.799999429
22618661 0.63889321 0.799999429
22627622 0.63889321 0.799999429
22644843 0.944454938 0.685710531
22646087 0.63889321 0.799999429
22665802 0.63889321 0.799999429
22683115 0.861112346 0.685710531
22689618 0.63889321 0.799999429
22696709 0.63889321 0.799999429
22700675 0.63889321 0.799999429
22707788 0.63889321 0.799999429
22716844 0.63889321 0.799999429
22736055 0.666665741 0.799999429
22737633 0.63889321 0.742867837
22750513 0.666665741 0.742867837
22781115 0.63889321 0.799999429
22786128 0.888895988 0.57144449
22786354 0.63889321 0.799999429
22787578 0.63889321 0.799999429
22793283 0.888895988 0.657156163
22796655 0.63889321 0.799999429
22797986 0.63889321 0.799999429
22808199 0.63889321 0.799999429
22817811 0.63889321 0.799999429
22818530 0.63889321 0.799999429
22818766 0.63889321 0.799999429
22820955 0.63889321 0.799999429
22821919 0.63889321 0.799999429
22829400 0.63889321 0.799999429
22838382 0.63889321 0.799999429
22843170 0.63889321 0.799999429
22847503 0.611109568 0.771445061
22849484 0.63889321 0.799999429
22850353 0.805556173 0.714287755
22871334 0.944454938 0.57144449
22871347 0.63889321 0.799999429
22875907 0.63889321 0.799999429
22877547 1 0.457155592
22879701 0.694452161 0.657156163
22880048 0.63889321 0.799999429
22883177 1 0.657156163
22883477 0.63889321 0.799999429
22883514 0.63889321 0.799999429
22885783 0.63889321 0.799999429
22902985 0.36110679 0.542867265
22908872 0.63889321 0.799999429
22917672 0.63889321 0.799999429
22919140 0.63889321 0.799999429
22938983 0.63889321 0.714287755
22941548 0.63889321 0.799999429
22947280 0.63889321 0.799999429
22963057 0.63889321 0.799999429
22963204 0.63889321 0.799999429
22972516 0.63889321 0.799999429
22974410 0.666665741 0.799999429
22984679 0.63889321 0.799999429
22984984 0.805556173 0.57144449
22994500 0.63889321 0.799999429
22995366 0.63889321 0.742867837
23012272 0.63889321 0.799999429
23021562 0.63889321 0.600001714
23022388 0.805556173 0.714287755
23029611 0.805556173 0.714287755
23035153 0.63889321 0.799999429
23039742 0.63889321 0.799999429
23052069 0.63889321 0.799999429
23061747 0.63889321 0.799999429
23066718 0.666665741 0.799999429
23080284 0.805556173 0.428578367
23100038 0.63889321 0.799999429
23108514 0.63889321 0.799999429
23109692 0.63889321 0.799999429
23117049 0.666665741 0.742867837
23127657 0.63889321 0.799999429
23128172 0.666665741 0.799999429
23136833 0.63889321 0.400001143
23176523 0.63889321 0.799999429
23177986 0.63889321 0.799999429
23178334 0.63889321 0.799999429
23193201 0.63889321 0.799999429
23212017 0.63889321 0.771445061
23225123 0.63889321 0.799999429
23240922 0.63889321 0.799999429
23244541 0.194443827 1
23248522 0.63889321 0.799999429
23251234 0.805556173 0.714287755
23261142 0.63889321 0.799999429
23261157 0.805556173 0.428578367
23261394 0.63889321 0.799999429
23263983 0.63889321 0.799999429
23265797 0.666665741 0.799999429
23269243 0.666665741 0.771445061
23270599 0.63889321 0.799999429
23270826 0.63889321 0.799999429
23272230 0.63889321 0.799999429
23274880 0.749997222 0.714287755
23285466 0.63889321 0.799999429
23286458 0.63889321 0.799999429
23298543 1 0.657156163
23317315 0.63889321 0.799999429
23320220 0.63889321 0.799999429
23321245 0.63889321 0.799999429
23321800 0.63889321 0.799999429
23332744 0.63889321 0.799999429
23343072 0.63889321 0.799999429
23343110 0.63889321 0.799999429
23343310 0.63889321 0.799999429
23345331 0.944454938 0.685710531
23345515 0.63889321 0.799999429
23352392 1 0.657156163
23353412 0.944454938 0.57144449
23353855 0.749997222 0.714287755
23356865 0.63889321 0.799999429
23365504 0.63889321 0.799999429
23367964 0.888895988 0.57144449
23378179 0.63889321 0.799999429
23390532 0.666665741 0.771445061
23395107 0.63889321 0.799999429
23425392 0.63889321 0.799999429
23429526 0.63889321 0.799999429
23434709 0.63889321 0.799999429
23445467 0.611109568 0.771445061
23473432 0.63889321 0.799999429
23494665 1 0.542867265
23498783 0.666665741 0.771445061
23498932 0.694452161 0.657156163
23500135 0.63889321 0.799999429
23502409 0.63889321 0.799999429
23502638 0.63889321 0.799999429
23540331 0.63889321 0.799999429
23540985 0.805556173 0.714287755
23547312 0.63889321 0.799999429
23548098 0.63889321 0.799999429
23550344 0.63889321 0.799999429
23568018 0.63889321 0.799999429
23573611 0.63889321 0.799999429
23587355 0.63889321 0.799999429
23591207 0.63889321 0.799999429
23594749 0.63889321 0.799999429
23610842 0.63889321 0.799999429
23647958 0.555550617 0.514290041
23656344 0.63889321 0.799999429
23670741 0.805556173 0.428578367
23674475 0.63889321 0.799999429
23687784 0.63889321 0.799999429
23688173 0.63889321 0.799999429
23689386 0.805556173 0.57144449
23696648 0.63889321 0.799999429
23704370 0.63889321 0.799999429
23705213 0.861112346 0.685710531
23706476 0 0.971442776
23709509 0.63889321 0.799999429
23741976 0.63889321 0.799999429
23742493 0.888895988 0.400001143
23748257 0.63889321 0.799999429
23756246 0.749997222 0.714287755
23765909 0.805556173 0.714287755
23786921 0.63889321 0.799999429
23806288 0.749997222 0.57144449
23807861 0.63889321 0.799999429
23808300 0.63889321 0.799999429
23820826 0.666665741 0.799999429
23821782 0.888895988 0.400001143
23852314 0.63889321 0.799999429
23918834 0.63889321 0.799999429
23920401 0.63889321 0.799999429
23920845 0.63889321 0.799999429
23923692 1 0.657156163
23928337 0.749997222 0.57144449
23959710 0.63889321 0.799999429
23963990 0.63889321 0.799999429
23965638 0.63889321 0.799999429
23966009 0.805556173 0.714287755
23983703 0.63889321 0.799999429
23991564 0.63889321 0.799999429
23995511 0.63889321 0.799999429
23996248 0.63889321 0.799999429
23998886 0.63889321 0.799999429
24012665 0.63889321 0.799999429
24014349 0.63889321 0.799999429
24034288 0.63889321 0.799999429
24037752 0.63889321 0.799999429
24060594 0.63889321 0.799999429
24064519 0.527778086 0.771445061
24075229 0.63889321 0.799999429
24075233 0.63889321 0.799999429
24096314 0.63889321 0.799999429
24098602 0.63889321 0.799999429
24099659 0.63889321 0.799999429
24125995 0.63889321 0.799999429
24135338 0.138887654 0.685710531
24147127 0.63889321 0.742867837
24160324 0.611109568 0.771445061
24163022 0.63889321 0.799999429
24183350 0.63889321 0.799999429
24184091 0.63889321 0.742867837
24185588 0.63889321 0.799999429
24203584 0.63889321 0.799999429
24211801 0.63889321 0.799999429
24223510 0.749997222 0.57144449
24230079 0.749997222 0.57144449
24259107 0.63889321 0.799999429
24271100 0.63889321 0.742867837
24272920 0.805556173 0.57144449
24283061 0.63889321 0.799999429
24284559 0.63889321 0.799999429
24290816 0.63889321 0.799999429
24317440 0.805556173 0.428578367
24320014 0.888895988 0.657156163
24322148 0.666665741 0.799999429
24334774 0.416662963 0.857156735
24337900 0.63889321 0.799999429
24344436 0.63889321 0.799999429
24353678 0.611109568 0.771445061
24358460 0.63889321 0.799999429
24362951 0.63889321 0.799999429
24364424 0.63889321 0.799999429
24374841 0.63889321 0.799999429
24381003 0.63889321 0.799999429
24391894 0.111104012 0.542867265
24394695 0.805556173 0.714287755
24402907 0.63889321 0.799999429
24413515 0.888895988 0.657156163
24430223 0.63889321 0.799999429
24432800 0.63889321 0.799999429
24433629 0.63889321 0.771445061
24433853 0.527778086 0.771445061
24445601 0.63889321 0.799999429
24446319 0.63889321 0.742867837
24449914 0.63889321 0.799999429
24456990 0.63889321 0.799999429
24469027 0.63889321 0.799999429
24483982 0.63889321 0.742867837
24489477 0.63889321 0.799999429
24500938 0.63889321 0.799999429
24503435 0.63889321 0.714287755
24522313 0.63889321 0.799999429
24525712 0.63889321 0.799999429
24526403 0.63889321 0.799999429
24540603 0.63889321 0.799999429
24556076 0.63889321 0.799999429
24559439 0.63889321 0.771445061
24577339 0.63889321 0.799999429
24601024 0.63889321 0.799999429
24602250 0.63889321 0.799999429
24604626 0.63889321 0.799999429
24606979 0.63889321 0.799999429
24608033 0.749997222 0.57144449
24620031 0.63889321 0.799999429
24624193 0.63889321 0.799999429
24650051 0.666665741 0.799999429
24650482 0.694452161 0.742867837
24651204 0.63889321 0.799999429
24685204 0.666665741 0.742867837
24706523 0.63889321 0.799999429
24706968 0.63889321 0.799999429
24709226 0.63889321 0.799999429
24709302 0.63889321 0.799999429
24710561 0.444446605 0.714287755
24729786 0.63889321 0.799999429
24730047 0.749997222 0.714287755
24731486 0.63889321 0.799999429
24735743 0.611109568 0.771445061
24740872 0.63889321 0.799999429
24756208 0.527778086 0.771445061
24760495 0.63889321 0.799999429
24765496 0.63889321 0.799999429
24768016 0.611109568 0.771445061
24770211 0.63889321 0.799999429
24795670 0.63889321 0.799999429
24828390 0.63889321 0.799999429
24833918 0.666665741 0.742867837
24834552 0.63889321 0.799999429
24847316 0.63889321 0.799999429
24847832 0.63889321 0.799999429
24847874 0.63889321 0.799999429
24853097 0.527778086 0.771445061
24864899 0.888895988 0.657156163
24865218 0.63889321 0.799999429
24865337 0.63889321 0.799999429
24866416 0.63889321 0.742867837
24866911 0.63889321 0.799999429
24868503 0.63889321 0.771445061
24873093 0.63889321 0.799999429
24873634 0.63889321 0.799999429
24874068 0.805556173 0.714287755
24880172 0.666665741 0.742867837
24881001 0.63889321 0.799999429
24892219 0.63889321 0.742867837
24894554 0.694452161 0.742867837
24895603 0.63889321 0.799999429
24902897 0.63889321 0.799999429
24908566 0.63889321 0.799999429
24909860 0.63889321 0.799999429
24910200 0.63889321 0.799999429
24918037 0.63889321 0.799999429
24920735 0.805556173 0.714287755
24926747 0.63889321 0.799999429
24929995 1 0.542867265
24930602 0.63889321 0.799999429
24938966 0.63889321 0.799999429
24940912 0.63889321 0.799999429
24942409 0.63889321 0.799999429
24943983 0.416662963 0.857156735
24944510 0.63889321 0.799999429
24948733 0.444446605 0.714287755
24955769 0.36110679 0.371443918
24956838 0.63889321 0.799999429
24958145 0.63889321 0.799999429
24958388 0.63889321 0.799999429
24959151 0.694452161 0.742867837
24959353 0.63889321 0.799999429
24959537 0.63889321 0.799999429
24968757 0.805556173 0.714287755
24971709 0.861112346 0.685710531
24974987 0.63889321 0.799999429
24987912 0.63889321 0.714287755
24990225 0.888895988 0.657156163
25014466 0.63889321 0.799999429
25030537 0.63889321 0.799999429
25036711 0.63889321 0.799999429
25038240 0.63889321 0.799999429
25043043 0.63889321 0.799999429
25050644 0.63889321 0.799999429
25054112 0.63889321 0.799999429
25056281 0.63889321 0.799999429
25056460 0.63889321 0.799999429
25065735 0.749997222 0.714287755
25067247 0.666665741 0.742867837
25067946 0.63889321 0.771445061
25074794 0.63889321 0.799999429
25076107 0.63889321 0.799999429
25079409 0.63889321 0.799999429
25081144 0.63889321 0.799999429
25092064 0.666665741 0.771445061
25116899 0.63889321 0.799999429
25117519 0.63889321 0.799999429
25117786 0.63889321 0.771445061
25120617 0.63889321 0.799999429
25121705 0.63889321 0.799999429
25124777 0.63889321 0.799999429
25130528 0.63889321 0.799999429
25130959 0.63889321 0.799999429
25131876 0.63889321 0.771445061
25133861 0.63889321 0.799999429
25137212 0.63889321 0.799999429
25140695 0.63889321 0.799999429
25148420 0.63889321 0.799999429
25158130 0.63889321 0.799999429
25161897 0.63889321 0.799999429
25169362 0.861112346 0.685710531
25171654 0.63889321 0.799999429
25171719 0.63889321 0.799999429
25171905 0.63889321 0.799999429
25175445 0.63889321 0.799999429
25175490 0.666665741 0.742867837
25177784 0.63889321 0.714287755
25187411 0.63889321 0.799999429
25187869 0.63889321 0.799999429
25188366 0.63889321 0.799999429
25190341 0.749997222 0.57144449
25191044 0.416662963 0.857156735
25196179 0.63889321 0.799999429
25213894 0.63889321 0.799999429
25219862 0.63889321 0.799999429
25232736 0.63889321 0.799999429
25233720 0.666665741 0.799999429
25240272 0.63889321 0.799999429
25242212 0.63889321 0.799999429
25248960 0.749997222 0.400001143
25250581 0.63889321 0.799999429
25252125 0.63889321 0.799999429
25257754 0.63889321 0.799999429
25260287 0.63889321 0.799999429
25268887 0.861112346 0.685710531
25273490 0.63889321 0.799999429
25276975 0.805556173 0.714287755
25278102 0.63889321 0.799999429
25281398 0.63889321 0.799999429
25308751 0.805556173 0.428578367
25314473 0.63889321 0.799999429
25325262 0.63889321 0.799999429
25325966 0.63889321 0.799999429
25328539 1 0.657156163
25330101 0.63889321 0.799999429
25330693 0.666665741 0.771445061
25331089 0.63889321 0.742867837
25345226 0.63889321 0.799999429
25347056 0.805556173 0.714287755
25347240 0.63889321 0.799999429
25360452 0.666665741 0.771445061
25361212 0.63889321 0.771445061
25379894 0.666665741 0.742867837
25388813 0.63889321 0.799999429
25391623 0.63889321 0.799999429
25394053 0.666665741 0.771445061
25394703 0.63889321 0.799999429
25408348 0.63889321 0.799999429
25411043 0.63889321 0.799999429
25411882 0.749997222 0.714287755
25414483 0.416662963 0.857156735
25420039 0.63889321 0.799999429
25427947 0.666665741 0.799999429
25435433 0.63889321 0.799999429
25440820 0.63889321 0.799999429
25441084 0.63889321 0.799999429
25441962 0.63889321 0.799999429
25442993 0.63889321 0.799999429
25450954 0.666665741 0.771445061
25451020 0.63889321 0.799999429
25457090 0.63889321 0.799999429
25464393 0.805556173 0.428578367
25475982 0.63889321 0.799999429
25479780 0.444446605 0.714287755
25479819 0.63889321 0.799999429
25483143 0.63889321 0.799999429
25487185 0.63889321 0.799999429
25495573 0.277775309 0.828576653
25499827 0.63889321 0.799999429
25500571 0.63889321 0.799999429
25504814 0.63889321 0.799999429
25504854 0.63889321 0.799999429
25507349 0.63889321 0.799999429
25514994 0.63889321 0.799999429
25516365 0.63889321 0.799999429
25517368 0.888895988 0.657156163
25520958 0.694452161 0.742867837
25531241 0.63889321 0.799999429
25531402 0.63889321 0.799999429
25532240 0.666665741 0.742867837
25536853 0.63889321 0.799999429
25542984 0.63889321 0.514290041
25545767 0.749997222 0.57144449
25561804 0.63889321 0.799999429
25572308 0.63889321 0.799999429
25574468 0.63889321 0.799999429
25575610 0.63889321 0.799999429
25580913 0.63889321 0.799999429
25584763 0.63889321 0.799999429
25586054 0.63889321 0.799999429
25588917 0.63889321 0.799999429
25606729 0.63889321 0.799999429
25609259 0.63889321 0.799999429
25610109 0.63889321 0.799999429
25612111 0.63889321 0.799999429
25615392 0.63889321 0.799999429
25636715 0.694452161 0.742867837
25636758 0.749997222 0.57144449
25637225 0.888895988 0.657156163
25638764 0.63889321 0.799999429
25653351 0.63889321 0.799999429
25654316 0.63889321 0.799999429
25664521 0.555550617 0.714287755
25667015 0.63889321 0.799999429
25680387 0.749997222 0.714287755
25681275 0.63889321 0.799999429
25681589 0.63889321 0.799999429
25681992 0.63889321 0.714287755
25686461 0.805556173 0.57144449
25687739 0.63889321 0.799999429
25687782 0.63889321 0.799999429
25693149 0.305547839 0.942865551
25696712 0.63889321 0.799999429
25696853 0.63889321 0.799999429
25696967 0.63889321 0.799999429
25697490 0.63889321 0.799999429
25698792 0.63889321 0.799999429
25709059 0.805556173 0.25715502
25709828 0.888895988 0.657156163
25717008 0.694452161 0.742867837
25717859 0.527778086 0.771445061
25718528 0.888895988 0.400001143
25728593 0.63889321 0.799999429
25731161 0.63889321 0.799999429
25741237 0.63889321 0.799999429
25743691 0.63889321 0.799999429
25746275 0.63889321 0.799999429
25750272 0.63889321 0.799999429
25754774 0.63889321 0.771445061
25767124 0.63889321 0.799999429
25771652 0.63889321 0.799999429
25774346 0.63889321 0.799999429
25786249 0.666665741 0.742867837
25788385 0.666665741 0.771445061
25790271 0.63889321 0.799999429
25793867 0.63889321 0.799999429
25801922 0.63889321 0.799999429
25804157 0.63889321 0.799999429
25804250 0.416662963 0.857156735
25822047 0.749997222 0.714287755
25826437 0.749997222 0.57144449
25828545 0.694452161 0.657156163
25832671 0.63889321 0.799999429
25842721 0.805556173 0.57144449
25843178 0.63889321 0.799999429
25851136 0.63889321 0.799999429
25851900 0.63889321 0.799999429
25853722 0.63889321 0.799999429
25880491 0.861112346 0.685710531
25884007 0.63889321 0.799999429
25885171 0.63889321 0.799999429
25886271 0.63889321 0.799999429
25890565 0.749997222 0.57144449
25898126 0.63889321 0.799999429
25898327 0.63889321 0.799999429
25899275 0.63889321 0.714287755
25909858 0.63889321 0.799999429
25913298 0.63889321 0.799999429
25913358 0.63889321 0.799999429
25914203 0.63889321 0.799999429
25917187 0.63889321 0.799999429
25917197 0.611109568 0.714287755
25918440 0.694452161 0.742867837
25924967 0.944454938 0.57144449
25932006 0.63889321 0.799999429
25935692 0.63889321 0.799999429
25935727 0.63889321 0.799999429
25938051 0.63889321 0.799999429
25946706 0.63889321 0.799999429
25947714 0.63889321 0.799999429
25958090 0.63889321 0.799999429
25962400 0.63889321 0.799999429
25964168 0.63889321 0.771445061
25969809 0.63889321 0.799999429
25970368 0.63889321 0.799999429
25974961 0.63889321 0.799999429
25975169 0.611109568 0.771445061
25979988 0.666665741 0.771445061
25982291 0.888895988 0.400001143
25987035 0.63889321 0.799999429
25987317 0.63889321 0.799999429
25993520 0.749997222 0.714287755
25995127 0.749997222 0.57144449
26004825 0.694452161 0.742867837
26005417 0.666665741 0.799999429
26006417 0.63889321 0.742867837
26006977 0.63889321 0.799999429
26009482 0.63889321 0.799999429
26010332 0.63889321 0.799999429
26013890 0.694452161 0.742867837
26014094 0.63889321 0.799999429
26014166 0.63889321 0.799999429
26014296 0.63889321 0.799999429
26016034 0.63889321 0.799999429
26018417 0.63889321 0.799999429
26018495 0.63889321 0.742867837
26026472 0.63889321 0.799999429
26036938 0.805556173 0.428578367
26038566 0.63889321 0.799999429
26052889 0.63889321 0.799999429
26054673 0.63889321 0.799999429
26060572 0.888895988 0.57144449
26061612 0.666665741 0.771445061
26062369 0.63889321 0.742867837
26065741 0.63889321 0.799999429
26066853 0.63889321 0.799999429
26071452 0.63889321 0.799999429
26072860 0.611109568 0.771445061
26078826 0.63889321 0.799999429
26080463 0.861112346 0.685710531
26083199 0.666665741 0.771445061
26084110 0.63889321 0.799999429
26089406 0.63889321 0.799999429
26090788 0.666665741 0.771445061
26093265 0.63889321 0.799999429
26093939 0.63889321 0.799999429
26097142 0.63889321 0.799999429
26097309 0.63889321 0.799999429
26105239 0.805556173 0.714287755
26105465 0.63889321 0.799999429
26109066 0.63889321 0.799999429
26116495 0.666665741 0.771445061
26117070 0.63889321 0.799999429
26119965 0.63889321 0.742867837
26122444 0.63889321 0.799999429
26127499 0.861112346 0.685710531
26128433 0.63889321 0.799999429
26128828 0.63889321 0.799999429
26139969 0.63889321 0.799999429
26140915 0.63889321 0.799999429
26140963 0.694452161 0.742867837
26148028 0.63889321 0.799999429
26149407 0.805556173 0.714287755
26153416 0.63889321 0.799999429
26154727 0.63889321 0.799999429
26156939 0.63889321 0.799999429
26157712 0.63889321 0.799999429
26162376 0.63889321 0.799999429
26165838 0.63889321 0.799999429
26174061 0.63889321 0.799999429
26177111 0.63889321 0.799999429
26178004 0.749997222 0.57144449
26178549 0.63889321 0.799999429
26184256 0.63889321 0.799999429
26186589 0.63889321 0.799999429
26199646 0.63889321 0.799999429
26206524 0.63889321 0.799999429
26210731 0.63889321 0.799999429
26212063 0.63889321 0.799999429
26212500 0.63889321 0.799999429
26213972 0.63889321 0.799999429
26218920 0.749997222 0.57144449
26219358 0.63889321 0.799999429
26220929 0.63889321 0.799999429
26226536 0.63889321 0.799999429
26233943 0.63889321 0.799999429
26243283 0.63889321 0.799999429
26246864 0.416662963 0.857156735
26247791 0.333331481 0.657156163
26265402 0.749997222 0.57144449
26266143 0.666665741 0.771445061
26266661 0.63889321 0.799999429
26277701 0.888895988 0.657156163
26281033 0.63889321 0.799999429
26294472 0.63889321 0.799999429
26297325 0.694452161 0.657156163
26300659 0.944454938 0.685710531
26310616 0.63889321 0.742867837
26310798 0.749997222 0.714287755
26320034 0.63889321 0.799999429
26320944 0.63889321 0.799999429
26323429 0.63889321 0.799999429
26328172 0.63889321 0.799999429
26337665 0.63889321 0.771445061
26344618 0.63889321 0.799999429
26347935 0.611109568 0.771445061
26352410 0.666665741 0.799999429
26352513 0.63889321 0.799999429
26353516 0.63889321 0.799999429
26355546 0.63889321 0.799999429
26359539 0.63889321 0.799999429
26360820 0.63889321 0.771445061
26364471 0.63889321 0.799999429
26364624 0.666665741 0.742867837
26378470 0.63889321 0.799999429
