2348932 0.763157895 0.769230769
5191375 0.657894737 0.861538462
3294809 0.947368421 0.815384615
4107717 0.894736842 0.830769231
10874477 0.631578947 0.861538462
8212347 0.631578947 0.892307692
10825056 0.947368421 0.753846154
763421 0.631578947 0.876923077
944988 0.657894737 0.815384615
13658289 0.631578947 0.876923077
5071984 0.842105263 0.815384615
12413864 0.710526316 0.769230769
13348966 0.710526316 0.846153846
8029294 0.578947368 0.876923077
8652479 0.842105263 0.769230769
10109441 0.894736842 0.830769231
1469022 0.605263158 0.892307692
11039229 0.657894737 0.815384615
10028637 0.631578947 0.876923077
12948174 0.842105263 0.769230769
803894 0.605263158 0.892307692
9715968 0.763157895 0.846153846
5844565 0.631578947 0.876923077
2238317 0.763157895 0.692307692
4365616 0.763157895 0.846153846
7106176 0.842105263 0.769230769
11297249 0.605263158 0.861538462
1078365 0.710526316 0.769230769
6388021 0.657894737 0.861538462
12186993 0.631578947 0.876923077
8623415 0.894736842 0.769230769
2956298 0.631578947 0.876923077
9274046 0.526315789 0.815384615
7588501 0.631578947 0.892307692
2089797 0.263157895 0.907692308
10313498 0.842105263 0.769230769
6028291 0.763157895 0.846153846
13403059 0.605263158 0.892307692
10021340 0.868421053 0.569230769
5329857 0.657894737 0.815384615
10016541 0.657894737 0.815384615
8000153 0.605263158 0.861538462
5627885 0.631578947 0.876923077
7643725 0.605263158 0.861538462
13392387 0.605263158 0.784615385
2770679 0.605263158 0.892307692
10337397 0.657894737 0.861538462
9567325 0.710526316 0.846153846
5364069 0.710526316 0.769230769
6958765 0.763157895 0.769230769
10211056 0.710526316 0.769230769
12468936 0.605263158 0.861538462
2781869 0.631578947 0.876923077
13175846 0.631578947 0.861538462
8721997 0.657894737 0.861538462
6759111 0.605263158 0.861538462
3278701 0.710526316 0.846153846
3910106 0.763157895 0.769230769
13015673 0.605263158 0.861538462
9376936 0.578947368 0.876923077
9303005 0.842105263 0.769230769
4409809 0.710526316 0.846153846
10762282 0.605263158 0.861538462
12415656 0.5 0.876923077
6936544 0.657894737 0.861538462
2371771 0.578947368 0.876923077
9624894 0.631578947 0.876923077
9782556 0.763157895 0.846153846
6071728 0.842105263 0.676923077
9879343 0.763157895 0.846153846
713495 0.605263158 0.846153846
7885321 0.842105263 0.815384615
12957243 0.763157895 0.769230769
10752911 0.842105263 0.815384615
6386478 0.657894737 0.815384615
9487936 0.631578947 0.876923077
9175075 0.815789474 0.830769231
6361131 0.631578947 0.892307692
8240509 0.605263158 0.861538462
10983597 0.763157895 0.692307692
11937886 0.710526316 0.846153846
9455836 0.842105263 0.676923077
9989380 0.631578947 0.876923077
10706882 0.842105263 0.676923077
7338304 0.605263158 0.861538462
11625213 0.710526316 0.846153846
5429104 0.710526316 0.846153846
11549229 0.605263158 0.876923077
9774114 0.710526316 0.769230769
12019933 0.605263158 0.892307692
9371232 0.5 0.876923077
12087248 0.605263158 0.861538462
12849252 0.342105263 0.923076923
13442249 0.631578947 0.892307692
12386225 0.605263158 0.846153846
12941054 0.710526316 0.769230769
6024768 0.631578947 0.876923077
1334805 0.842105263 0.815384615
9481855 0.763157895 0.846153846
12526242 0.605263158 0.861538462
3564192 0.631578947 0.876923077
10295625 0.605263158 0.861538462
12919569 0.605263158 0.846153846
8780868 0.657894737 0.861538462
308194 0.631578947 0.861538462
8562233 0.657894737 0.815384615
3252286 0.605263158 0.861538462
13123088 0.631578947 0.861538462
4188340 0.578947368 0.846153846
481053 0.605263158 0.876923077
11015221 0.710526316 0.846153846
11910474 0.605263158 0.861538462
4038637 0.684210526 0.846153846
1931407 0.710526316 0.769230769
10195845 0.842105263 0.769230769
5861639 0.947368421 0.707692308
12911243 0.657894737 0.861538462
2525803 0.631578947 0.876923077
5833718 0.657894737 0.815384615
13604901 0.605263158 0.892307692
6067684 0.605263158 0.892307692
12542589 0.710526316 0.769230769
7439541 0.710526316 0.769230769
3820995 0.605263158 0.846153846
1073804 0.763157895 0.846153846
12844620 0.710526316 0.846153846
13366423 0.657894737 0.815384615
8246539 0.631578947 0.876923077
12804320 0.657894737 0.815384615
3864282 0.763157895 0.846153846
10106598 0.842105263 0.815384615
7763763 0.631578947 0.876923077
10848721 0.947368421 0.815384615
6218632 0.710526316 0.769230769
8855234 0.605263158 0.846153846
4369196 0.657894737 0.815384615
8958946 0.631578947 0.861538462
10739535 0.631578947 0.861538462
9675952 0.578947368 0.815384615
4873826 0.631578947 0.876923077
11727745 0.815789474 0.830769231
9043318 0.605263158 0.784615385
11942883 0.631578947 0.861538462
11163132 0.605263158 0.676923077
7587073 0.947368421 0.815384615
8410323 0.605263158 0.876923077
10173645 0.605263158 0.846153846
13501998 0.657894737 0.815384615
12292339 0.631578947 0.861538462
9831473 0.657894737 0.861538462
12790130 0.631578947 0.861538462
11619152 0.5 0.876923077
3452760 0.526315789 0.815384615
7193610 0.657894737 0.815384615
5549926 0.631578947 0.876923077
5254197 0.947368421 0.815384615
13572866 0.842105263 0.769230769
5344342 0.842105263 0.769230769
12654663 0.710526316 0.769230769
12290140 0.578947368 0.876923077
4158300 0.631578947 0.876923077
8063742 0.763157895 0.846153846
12335562 0.815789474 0.830769231
8905510 0.605263158 0.876923077
10130515 0.578947368 0.876923077
3263168 0.763157895 0.846153846
7284520 0.631578947 0.876923077
7379363 0.605263158 0.861538462
3360749 0.631578947 0.876923077
9038477 0.605263158 0.861538462
9658630 0.631578947 0.892307692
6289187 0.815789474 0.830769231
9165956 0.763157895 0.692307692
11858014 0.605263158 0.861538462
7825440 0.842105263 0.815384615
9730991 0.657894737 0.861538462
8820441 0.631578947 0.892307692
11663039 0.842105263 0.769230769
11873775 0.184210526 1
11909036 0.710526316 0.846153846
11758508 0.605263158 0.876923077
1345633 0.657894737 0.861538462
7258865 0.710526316 0.769230769
8679933 0.605263158 0.876923077
13607167 0.631578947 0.892307692
10799787 0.631578947 0.876923077
8204200 0.710526316 0.846153846
9412917 0.842105263 0.815384615
9720823 0.894736842 0.830769231
3185359 0.815789474 0.830769231
5968740 0.657894737 0.861538462
6761830 0.631578947 0.892307692
9928678 0.605263158 0.861538462
13655396 0.657894737 0.861538462
4445443 0.842105263 0.815384615
7371957 0.631578947 0.876923077
5647416 0.763157895 0.769230769
12138670 0.631578947 0.892307692
11002833 0.605263158 0.892307692
8378410 0.763157895 0.846153846
8425161 0.631578947 0.892307692
8862061 0.578947368 0.876923077
11866889 0.605263158 0.784615385
12607786 0.631578947 0.892307692
641329 0.631578947 0.876923077
6776639 0.763157895 0.846153846
4271515 0.710526316 0.846153846
13262605 0.605263158 0.892307692
10832639 0.605263158 0.892307692
9520425 0.842105263 0.815384615
13456887 0.605263158 0.876923077
12029265 0.842105263 0.676923077
12895785 0.657894737 0.861538462
7579246 0 0.984615385
2876431 0.631578947 0.876923077
6829602 0.815789474 0.830769231
7832870 0.947368421 0.753846154
7990418 0.894736842 0.830769231
8522761 0.342105263 0.923076923
9205441 0.710526316 0.769230769
12833211 0.578947368 0.876923077
12571072 0.894736842 0.830769231
7758496 0.421052632 0.753846154
11819835 0.631578947 0.876923077
3975955 0.710526316 0.846153846
10288886 0.763157895 0.769230769
8401158 0.605263158 0.676923077
3358463 0.342105263 0.923076923
2265267 0.657894737 0.815384615
12323491 0.763157895 0.692307692
13443549 0.5 0.876923077
11850746 0.815789474 0.830769231
10301823 0.710526316 0.846153846
2747624 0.657894737 0.815384615
10005293 0.815789474 0.830769231
2797596 0.631578947 0.892307692
8501977 0.526315789 0.815384615
8336043 0.763157895 0.692307692
12845294 0.710526316 0.846153846
10918620 0.342105263 0.923076923
282922 0.815789474 0.830769231
8421866 0.631578947 0.876923077
9313328 0.5 0.876923077
10450059 0.631578947 0.892307692
11641945 0.631578947 0.861538462
11780008 0.184210526 1
3719477 0.842105263 0.815384615
13263109 0.710526316 0.769230769
10895832 0.605263158 0.861538462
9472021 0.605263158 0.892307692
7576222 0.605263158 0.876923077
11714131 0.947368421 0.815384615
10264593 0.605263158 0.846153846
7571893 0.578947368 0.8
6529062 0.894736842 0.830769231
12769270 0.710526316 0.846153846
10449517 0.605263158 0.892307692
5117805 0.842105263 0.769230769
9019237 0.605263158 0.861538462
13119970 0.631578947 0.861538462
11971034 0.605263158 0.892307692
5320978 0.657894737 0.861538462
13348432 0.605263158 0.876923077
3254610 0.763157895 0.846153846
10267340 0.842105263 0.815384615
11184046 0.815789474 0.830769231
9778645 0.578947368 0.876923077
8045796 0.815789474 0.830769231
7358801 0.605263158 0.876923077
6718645 0.657894737 0.861538462
13534863 0.894736842 0.830769231
2769656 0.842105263 0.815384615
13050189 0.631578947 0.892307692
8061265 0.605263158 0.861538462
11514034 0.815789474 0.830769231
3358153 0.605263158 0.676923077
10586286 0.763157895 0.692307692
8260086 0.605263158 0.861538462
13003646 0.789473684 0.846153846
13062601 0.842105263 0.769230769
6984493 0.894736842 0.769230769
11154416 0.657894737 0.861538462
3886739 0.657894737 0.861538462
9087063 0.657894737 0.815384615
11931455 0.605263158 0.861538462
9175897 0.842105263 0.815384615
13344401 0.631578947 0.892307692
12141173 0.894736842 0.830769231
11715723 0.657894737 0.861538462
6777247 0.710526316 0.769230769
8619671 0.763157895 0.769230769
4187146 0.5 0.876923077
12874709 0.657894737 0.815384615
2960638 0.763157895 0.769230769
5750429 0.605263158 0.876923077
9299571 0.657894737 0.815384615
13528349 0.763157895 0.692307692
12740319 0.605263158 0.861538462
4248025 0.815789474 0.830769231
11034680 0.842105263 0.769230769
10340552 0.815789474 0.830769231
1602608 0.631578947 0.876923077
10224686 0.657894737 0.815384615
9138265 0.842105263 0.815384615
9263658 0.631578947 0.892307692
7032583 0.710526316 0.846153846
8389631 0.631578947 0.876923077
10113411 0.763157895 0.692307692
266832 0.947368421 0.707692308
12766374 0.605263158 0.892307692
5804405 0.631578947 0.876923077
1404398 0.842105263 0.769230769
9845175 0.842105263 0.815384615
13534629 0.631578947 0.861538462
9286752 0.657894737 0.861538462
10497145 0.605263158 0.846153846
229522 0.605263158 0.861538462
11137432 0.605263158 0.861538462
13002500 0.631578947 0.892307692
13483920 0.710526316 0.769230769
2411896 0.763157895 0.769230769
8074077 0.105263158 0.892307692
7465397 0.605263158 0.846153846
3294073 0.605263158 0.784615385
7972315 0.710526316 0.846153846
10538605 0.605263158 0.846153846
4613323 0.657894737 0.861538462
13689372 0.947368421 0.815384615
1869207 0.763157895 0.692307692
11871194 0.631578947 0.876923077
5266640 0.763157895 0.846153846
6928614 0.894736842 0.830769231
8621420 0.815789474 0.830769231
12238244 0.815789474 0.830769231
9561991 0.631578947 0.892307692
11725397 0.763157895 0.769230769
8055899 0.631578947 0.876923077
9734731 0.710526316 0.846153846
10801876 0.605263158 0.861538462
8963255 0.631578947 0.861538462
10529485 0.605263158 0.892307692
9441992 0.947368421 0.753846154
6676273 0.763157895 0.769230769
7558827 0.657894737 0.861538462
9124261 0.657894737 0.815384615
3720668 0.631578947 0.876923077
12711432 0.631578947 0.861538462
4422710 0.657894737 0.861538462
12807782 0.657894737 0.861538462
8838453 0.763157895 0.846153846
9337293 0.631578947 0.861538462
4116316 0.710526316 0.769230769
99523 0.894736842 0.830769231
12557832 0.605263158 0.876923077
1811065 0.342105263 0.753846154
4946131 0.763157895 0.846153846
3666242 0.605263158 0.876923077
11752335 0.710526316 0.846153846
486530 0.631578947 0.876923077
10953182 0.605263158 0.861538462
5678084 0.710526316 0.769230769
2505769 0.631578947 0.861538462
12671856 0.631578947 0.892307692
13399792 0.605263158 0.876923077
10381723 0.842105263 0.815384615
12728318 0.763157895 0.769230769
9891098 0.5 0.876923077
5937946 0.815789474 0.830769231
3014148 0.578947368 0.876923077
11279958 0.947368421 0.815384615
6788741 0.631578947 0.876923077
2567005 0.605263158 0.846153846
10753664 0.710526316 0.769230769
3902478 0.710526316 0.846153846
9903110 0.710526316 0.769230769
11230701 0.815789474 0.830769231
11440169 0.631578947 0.876923077
9822477 0.605263158 0.846153846
4098142 0.631578947 0.892307692
5087075 0.657894737 0.861538462
4230702 0.763157895 0.846153846
8782356 0.657894737 0.815384615
12953495 0.5 0.876923077
11601013 0.631578947 0.892307692
1819087 0.631578947 0.876923077
12533372 0.947368421 0.753846154
10847437 0.947368421 0.815384615
3696531 0.631578947 0.876923077
10073304 0.842105263 0.676923077
12645839 0.657894737 0.707692308
12595077 0.842105263 0.815384615
10954968 0.842105263 0.461538462
9243185 0.763157895 0.769230769
8267851 0.342105263 0.661538462
9944528 0.763157895 0.846153846
7631068 0.763157895 0.846153846
7328128 0.631578947 0.876923077
12911215 0.657894737 0.784615385
4368 0.710526316 0.769230769
9188086 0.657894737 0.815384615
7821497 0.605263158 0.738461538
6997094 0.763157895 0.846153846
9231511 0.710526316 0.769230769
4295059 0.842105263 0.769230769
8883845 0.815789474 0.830769231
9937237 0.710526316 0.846153846
10687186 0.605263158 0.892307692
6009761 0.842105263 0.676923077
13268875 0.605263158 0.846153846
11811680 0.605263158 0.676923077
4631867 0.631578947 0.876923077
12961604 0.631578947 0.861538462
3112419 0.605263158 0.892307692
6163843 0.842105263 0.676923077
8472784 0.631578947 0.892307692
5462729 0.763157895 0.846153846
10135482 0.342105263 0.753846154
10672496 0.657894737 0.861538462
12654496 0.605263158 0.892307692
7631662 0.526315789 0.815384615
9354370 0.631578947 0.861538462
12400820 0.605263158 0.846153846
12383936 0.868421053 0.569230769
1224310 0.631578947 0.876923077
12118071 0.289473684 0.969230769
13704044 0.842105263 0.815384615
8923819 0.605263158 0.876923077
12530276 0.710526316 0.846153846
13668257 0.605263158 0.676923077
8484178 0.526315789 0.815384615
10060336 1 0.553846154
13526866 0.421052632 0.846153846
9658614 0.605263158 0.876923077
3000750 0.631578947 0.876923077
9276695 0.631578947 0.861538462
13359167 0.657894737 0.815384615
8385240 0.631578947 0.876923077
6394578 0.631578947 0.876923077
13521723 0.763157895 0.846153846
12344233 0.657894737 0.861538462
3869629 0.763157895 0.846153846
4848884 0.763157895 0.846153846
10233190 0.605263158 0.892307692
10024473 0.763157895 0.846153846
13262934 0.710526316 0.769230769
5272275 0.631578947 0.892307692
13681207 0.842105263 0.815384615
9221707 0.763157895 0.846153846
11176879 0.631578947 0.892307692
11226368 0.710526316 0.769230769
8494865 0.631578947 0.876923077
10875560 0.815789474 0.830769231
11318083 0.605263158 0.892307692
386534 0.631578947 0.876923077
8487939 0.578947368 0.876923077
11763721 0.342105263 0.923076923
8829430 0.526315789 0.815384615
9646694 0.763157895 0.769230769
11052898 0.710526316 0.846153846
6551974 0.894736842 0.769230769
5526203 0.631578947 0.876923077
6597092 0.605263158 0.876923077
6997882 0.631578947 0
11832687 0.710526316 0.769230769
9337368 0.947368421 0.753846154
10142001 0.657894737 0.861538462
10972799 0.710526316 0.846153846
8270130 0.5 0.876923077
3300440 0.763157895 0.846153846
2599797 0.605263158 0.861538462
2604239 0.815789474 0.830769231
10083932 0.763157895 0.6
12568234 0.578947368 0.876923077
7616575 0.815789474 0.830769231
2132325 0.763157895 0.846153846
10761137 0.763157895 0.846153846
13636403 0.289473684 0.969230769
4860916 0.763157895 0.846153846
4054414 0.631578947 0.876923077
5342544 0.631578947 0.876923077
2653067 0.657894737 0.861538462
10649712 0.631578947 0.876923077
2339416 0.763157895 0.692307692
7828437 0.763157895 0.846153846
8248275 0.605263158 0.846153846
4094440 0.526315789 0.815384615
4983391 0.763157895 0.769230769
9693923 0.842105263 0.815384615
955822 0.605263158 0.676923077
2549689 0.631578947 0.876923077
3432381 0.631578947 0.876923077
8113869 0.657894737 0.815384615
3036346 0.710526316 0.846153846
9935727 0.657894737 0.861538462
8417170 0.894736842 0.769230769
9986512 0.5 0.876923077
4641251 0.631578947 0.876923077
7925912 0.763157895 0.846153846
3029529 0.842105263 0.815384615
4718661 0.184210526 1
7057305 0.894736842 0.830769231
9451173 0.394736842 0.923076923
9040251 0.815789474 0.830769231
12580330 0.631578947 0.861538462
11539109 0.605263158 0.892307692
3345133 0.763157895 0.769230769
11436117 0.605263158 0.861538462
547976 0.631578947 0.876923077
2145861 0.842105263 0.815384615
12742546 0.894736842 0.830769231
11343448 0.710526316 0.769230769
4059125 0.631578947 0.892307692
11831522 0.605263158 0.861538462
11916599 0.947368421 0.815384615
1874302 0.631578947 0.876923077
5432663 0.657894737 0.815384615
8493847 0.605263158 0.861538462
7467447 0.631578947 0.876923077
8069853 0.605263158 0.861538462
3141037 0.894736842 0.830769231
5091165 0.842105263 0.769230769
12865647 0.763157895 0.846153846
9041423 0.5 0.876923077
2281469 0.763157895 0.846153846
10547974 0.605263158 0.861538462
8005647 0.947368421 0.815384615
3530092 0.763157895 0.769230769
11961298 0.763157895 0.6
11372491 0.631578947 0.892307692
12352641 0.842105263 0.815384615
9613384 0.710526316 0.846153846
10289894 0.894736842 0.6
11890745 0.842105263 0.769230769
8301945 0.631578947 0.892307692
3938575 0.631578947 0.876923077
10642283 0.605263158 0.892307692
8479964 0.815789474 0.830769231
8199437 0.631578947 0.876923077
962541 0.842105263 0.815384615
3594797 0.894736842 0.830769231
11674368 0.657894737 0.815384615
8548109 0.631578947 0.876923077
9114777 0.894736842 0.830769231
10174524 0.710526316 0.846153846
11336286 0.605263158 0.676923077
9100491 0.710526316 0.769230769
9131016 0.842105263 0.815384615
13425726 0.605263158 0.846153846
11500613 0.526315789 0.815384615
11220514 0.710526316 0.846153846
11128249 0.631578947 0
9685742 0.763157895 0.846153846
12639037 0.605263158 0.861538462
1762430 0.394736842 0.923076923
12438818 0.605263158 0.892307692
10835379 0.605263158 0.861538462
10093535 0.131578947 0.646153846
8777833 0.236842105 0.753846154
8836631 0.5 0.876923077
9668740 0.631578947 0.892307692
8721764 0.605263158 0.876923077
3497500 0.815789474 0.830769231
11699120 0.447368421 0.907692308
1413079 0.631578947 0.876923077
4694846 0.842105263 0.815384615
1204458 0.815789474 0.830769231
12144458 0.947368421 0.815384615
12608339 0.605263158 0.861538462
12722314 0.657894737 0.861538462
805238 0.605263158 0.846153846
3957965 0.631578947 0.876923077
3769387 0.842105263 0.769230769
12215763 0.710526316 0.769230769
13627540 0.605263158 0.846153846
2893379 0.657894737 0.815384615
10378502 0.763157895 0.846153846
4105469 0.631578947 0.892307692
12395231 0.815789474 0.830769231
4605479 0.763157895 0.769230769
13192892 0.947368421 0.815384615
11429574 0.763157895 0.769230769
5262066 0.631578947 0.892307692
4727078 0.605263158 0.892307692
8060721 0.131578947 0.830769231
8951737 0.631578947 0.892307692
2359361 0.842105263 0.815384615
12343934 0.605263158 0.861538462
9475763 0.710526316 0.846153846
8772125 0.394736842 0.923076923
13059934 0.605263158 0.861538462
7213914 0.605263158 0.861538462
9917255 0.763157895 0.769230769
2696980 0.631578947 0.861538462
12579730 0.605263158 0.892307692
11273461 0.763157895 0.692307692
12720213 0.605263158 0.892307692
10971843 0.605263158 0.861538462
11208353 0.710526316 0.846153846
12949322 0.605263158 0.861538462
13110121 0.842105263 0.815384615
6036794 0.710526316 0.769230769
4226750 0.631578947 0.876923077
7353670 0.763157895 0.846153846
7879375 0.894736842 0.830769231
2247842 0.947368421 0.815384615
9751980 0.710526316 0.846153846
3228085 0.631578947 0.892307692
12538991 0.710526316 0.769230769
4509492 0.710526316 0.769230769
8808917 0.947368421 0.815384615
3944830 0.894736842 0.769230769
8922305 0.631578947 0.876923077
2287055 0.631578947 0.861538462
13015620 0.578947368 0.876923077
10382096 0.605263158 0.892307692
7959140 0.605263158 0.892307692
5834456 0.605263158 0.892307692
13709154 0.605263158 0.892307692
9463781 0.710526316 0.846153846
10198399 0.631578947 0.876923077
9673743 0.815789474 0.830769231
300185 0.763157895 0.769230769
8019989 0.657894737 0.815384615
7732776 0.578947368 0.876923077
11384326 0.631578947 0.876923077
1304978 0.631578947 0.876923077
12692489 0.605263158 0.892307692
2294180 0.815789474 0.830769231
7835310 0.710526316 0.846153846
8865773 0.842105263 0.815384615
9981657 0.605263158 0.892307692
10559080 0.710526316 0.846153846
3898700 0.631578947 0.876923077
8569969 0.631578947 0.876923077
11673421 0.763157895 0.846153846
10149417 0.605263158 0.876923077
126040 0.631578947 0.861538462
8632718 0.657894737 0.815384615
12359948 0.105263158 0.892307692
12622593 0.763157895 0.692307692
3325476 0.763157895 0.846153846
11196040 0.657894737 0.861538462
12084847 0.763157895 0.6
11900080 0.710526316 0.846153846
12066987 0.815789474 0.830769231
9242599 0.763157895 0.846153846
10097728 0.710526316 0.769230769
13285877 0.605263158 0.892307692
12431898 0.842105263 0.815384615
12810170 0.657894737 0.861538462
3351545 0.710526316 0.846153846
3809312 0.631578947 0.876923077
2423577 0.631578947 0.876923077
3342304 0.631578947 0.876923077
11457287 0.842105263 0.815384615
2497129 0.763157895 0.769230769
4450779 0.842105263 0.769230769
4117828 0.842105263 0.769230769
11543272 0.605263158 0.876923077
10208030 0.657894737 0.861538462
1089228 0.184210526 1
11568849 0.842105263 0.815384615
2110845 0.578947368 0.876923077
11087610 0.605263158 0.846153846
13609586 0.763157895 0.846153846
8154193 0.631578947 0.861538462
3728519 0.578947368 0.876923077
3517298 0.894736842 0.830769231
8509830 0.947368421 0.815384615
3769225 0.947368421 0.815384615
2835627 0.631578947 0.861538462
5976773 0.605263158 0.861538462
5554046 0.947368421 0.815384615
5279504 0.631578947 0.876923077
4614707 0.631578947 0.876923077
7817416 0.842105263 0.815384615
10003574 0.605263158 0.892307692
4229925 0.894736842 0.830769231
1969251 0.605263158 0.846153846
8516457 0.842105263 0.815384615
13285965 0.631578947 0.876923077
10198339 0.842105263 0.815384615
11551207 0.605263158 0.892307692
6949576 0.763157895 0.846153846
9745441 0.526315789 0.815384615
4688739 0.657894737 0.815384615
13608708 0.842105263 0.769230769
11639824 0.947368421 0.753846154
12466977 0.631578947 0.876923077
3896321 0.631578947 0.892307692
10866683 0.605263158 0.861538462
8075401 0.605263158 0.892307692
1424721 0.631578947 0.876923077
8472580 0.763157895 0.769230769
4213576 0.605263158 0.892307692
7717275 0.631578947 0.876923077
4016573 0.342105263 0.923076923
7920041 0.342105263 0.923076923
13115960 0.763157895 0.846153846
7242208 0.657894737 0.815384615
2886720 0.631578947 0.861538462
3077080 0.631578947 0.876923077
10353912 0.605263158 0.861538462
10693166 0.657894737 0.861538462
12754949 0.842105263 0.815384615
5109745 0.605263158 0.892307692
11608272 0.763157895 0.692307692
1420547 0.394736842 0.923076923
2503612 0.710526316 0.846153846
9618621 0.842105263 0.815384615
13202766 0.631578947 0.892307692
3950512 0.605263158 0.892307692
3590302 0.631578947 0.876923077
9079098 0.605263158 0.892307692
212763 0.631578947 0.876923077
6102311 0.605263158 0.846153846
8585119 0.657894737 0.815384615
13429356 0.842105263 0.815384615
13262343 0.605263158 0.861538462
10104821 0.710526316 0.769230769
3353194 0.894736842 0.830769231
3566785 0.631578947 0.876923077
6796500 0.947368421 0.815384615
12422374 0.763157895 0.692307692
11553699 0.842105263 0.815384615
13206281 0.657894737 0.861538462
6849589 0.605263158 0.892307692
978924 0.631578947 0.876923077
2273979 0.657894737 0.815384615
3290027 0.842105263 0.676923077
2978534 0.894736842 0.830769231
10624339 0.236842105 0.830769231
3014038 0.631578947 0.892307692
10586206 0.763157895 0.846153846
3630861 0.763157895 0.769230769
11229411 0.605263158 0.892307692
1990344 0.842105263 0.769230769
2607982 0.605263158 0.876923077
13449060 0.710526316 0.846153846
7459261 0.842105263 0.815384615
7421438 0.631578947 0.876923077
9683596 0.657894737 0.815384615
306967 0.631578947 0.876923077
347460 0.394736842 0.923076923
1982562 0.605263158 0.876923077
9226831 0.710526316 0.846153846
5675903 0.631578947 0.876923077
5918377 0.236842105 0.753846154
3897919 0.868421053 0.569230769
10816142 0.710526316 0.846153846
11429487 0.763157895 0.846153846
12839516 0.657894737 0.861538462
11274836 0.894736842 0.830769231
7144621 0.815789474 0.830769231
11882318 0.657894737 0.861538462
9430878 0.631578947 0.892307692
10819893 0.421052632 0.753846154
8160551 0.894736842 0.830769231
3354215 0.447368421 0.892307692
5443269 0.842105263 0.676923077
4393006 0.605263158 0.846153846
12653922 0.763157895 0.846153846
8221145 0.842105263 0.815384615
10861903 0.605263158 0.892307692
13216692 0.5 0.876923077
9737798 0.710526316 0.846153846
9514331 0.842105263 0.769230769
9166486 0.631578947 0.876923077
5194603 0.763157895 0.692307692
11826965 0.657894737 0.815384615
10045648 0.605263158 0.892307692
1898614 0.815789474 0.830769231
10990455 0.657894737 0.815384615
3871942 0.631578947 0.876923077
4850912 0.815789474 0.830769231
10171513 0.947368421 0.707692308
10308738 0.5 0.876923077
11933765 0.605263158 0.861538462
6147128 0.657894737 0.861538462
8855728 0.763157895 0.846153846
11996093 0.710526316 0.846153846
10483888 0.605263158 0.892307692
13176709 0.842105263 0.815384615
7829009 0.894736842 0.830769231
1954841 0.815789474 0.830769231
11340642 0.763157895 0.846153846
12616304 0.631578947 0.892307692
10056307 0.605263158 0.892307692
9592102 0.5 0.876923077
10714077 0.605263158 0.846153846
13072994 0.631578947 0.892307692
6557526 0.657894737 0.861538462
3019995 0.763157895 0.769230769
11502454 0.894736842 0.830769231
2889952 0.842105263 0.815384615
6044416 0.578947368 0.876923077
9379126 0.631578947 0.876923077
11081126 0.5 0.876923077
2152109 0.5 0.876923077
7092500 0.631578947 0.892307692
8351416 0.605263158 0.861538462
12662125 0.657894737 0.815384615
11585571 0.289473684 0.969230769
3999875 0.631578947 0.876923077
7157476 0.657894737 0.861538462
12651913 0.631578947 0.876923077
1768320 0.842105263 0.846153846
9170214 0.842105263 0.815384615
4102680 0.763157895 0.846153846
4225208 0.605263158 0.892307692
12914201 0.657894737 0.861538462
7889489 0.815789474 0.846153846
2177861 0.657894737 0.815384615
4088553 0.763157895 0.846153846
9946154 0.710526316 0.769230769
9027316 0.947368421 0.815384615
8186909 0.657894737 0.861538462
9465353 0.842105263 0.815384615
10232610 0.605263158 0.892307692
3502123 0.631578947 0.876923077
10647404 0.526315789 0.738461538
12948778 0.657894737 0.876923077
8304343 0.763157895 0.846153846
9636199 0.605263158 0.861538462
11415904 0.605263158 0.784615385
13136307 0.605263158 0.892307692
12756762 0.631578947 0.876923077
5206631 0.631578947 0.876923077
1234386 0.5 0.876923077
5659342 0.631578947 0.861538462
10084119 0.605263158 0.892307692
9117584 0.605263158 0.861538462
10594223 0.473684211 0.815384615
8986219 0.394736842 0.923076923
13255391 0.631578947 0.876923077
13653702 0.605263158 0.892307692
12327391 0.631578947 0.876923077
11262409 0.842105263 0.769230769
12850477 0.947368421 0.815384615
6793249 0.657894737 0.815384615
10218536 0.710526316 0.769230769
10371747 0.947368421 0.753846154
9753061 0.605263158 0.861538462
2884706 0.815789474 0.830769231
9806700 0.605263158 0.876923077
5451261 0.605263158 0.892307692
10937980 0.763157895 0.769230769
1908406 0.631578947 0.876923077
8615289 0.947368421 0.815384615
9415548 0.657894737 0.861538462
12449026 0.631578947 0.876923077
3782759 0.631578947 0.876923077
12791609 0.605263158 0.892307692
8759276 0.842105263 0.815384615
2026134 0.631578947 0.892307692
6774613 0.947368421 0.815384615
13205547 0.710526316 0.846153846
10477405 0.947368421 0.753846154
2940682 0.894736842 0.769230769
4066513 0.631578947 0.892307692
9706788 0.631578947 0.876923077
4025573 0.605263158 0.846153846
9047537 0.842105263 0.815384615
6275519 0.605263158 0.892307692
8047959 0.947368421 0.815384615
2165472 0.815789474 0.830769231
8280533 0.894736842 0.769230769
3278666 0.605263158 0.876923077
9571062 0.578947368 0.876923077
6523609 0.763157895 0.769230769
13132850 0.605263158 0.876923077
4124431 0.657894737 0.861538462
6014993 0.815789474 0.830769231
1310217 0.394736842 0.923076923
7452858 0.842105263 0.769230769
13265079 0.763157895 0.692307692
9655342 0.842105263 0.815384615
7664766 0.842105263 0.769230769
3127577 0.631578947 0.876923077
12685575 0.5 0.876923077
7540125 0.605263158 0.876923077
10542667 0.631578947 0.861538462
7040228 0.421052632 0.846153846
1733455 0.763157895 0.846153846
8485127 0.5 0.876923077
8872407 0.947368421 0.753846154
7665071 0.631578947 0.876923077
12488760 0.657894737 0.861538462
6053867 0.763157895 0.846153846
416202 0.842105263 0.815384615
6025007 0.763157895 0.846153846
10188880 0.578947368 0.846153846
3575816 0.657894737 0.861538462
9334261 0.578947368 0.876923077
10252476 0.710526316 0.846153846
12363709 0.605263158 0.892307692
1324258 0.631578947 0.892307692
7545237 0.657894737 0.861538462
5418881 0.605263158 0.892307692
8530779 0.631578947 0.892307692
8765969 0.842105263 0.769230769
10284676 0.631578947 0.876923077
7524154 0.631578947 0.892307692
10846630 0.763157895 0.692307692
9840894 0.710526316 0.846153846
852267 0.710526316 0.846153846
4888233 0.710526316 0.846153846
13261761 0.605263158 0.861538462
8767537 0.763157895 0.692307692
3702826 0.657894737 0.815384615
11977004 0.631578947 0.861538462
4582802 0.947368421 0.815384615
8545736 0.394736842 0.923076923
11599002 0.421052632 0.846153846
3616162 0.631578947 0.876923077
8074240 0.657894737 0.861538462
10774860 0.605263158 0.861538462
11066029 0.710526316 0.769230769
8039675 0.815789474 0.830769231
10110956 0.631578947 0.861538462
13342504 0.605263158 0.861538462
6602622 0.605263158 0.892307692
2866326 0.631578947 0.876923077
7507406 0.631578947 0.876923077
10111509 0.631578947 0.876923077
2866806 0.842105263 0.815384615
6681691 0.605263158 0.892307692
4287004 0.842105263 0.815384615
8118261 0.605263158 0.892307692
12060840 0.842105263 0.769230769
3008251 0.578947368 0.876923077
10499939 0.710526316 0.846153846
11112119 0.842105263 0.769230769
13311262 0.710526316 0.753846154
8922921 0.5 0.876923077
12536456 0.763157895 0.846153846
1305023 0.657894737 0.861538462
9616613 0.842105263 0.676923077
12932595 0.842105263 0.815384615
8004024 0.657894737 0.815384615
5048824 0.815789474 0.830769231
9354787 0.578947368 0.876923077
9461871 0.842105263 0.769230769
5006346 0.947368421 0.815384615
12136221 0.631578947 0.876923077
7056845 0.947368421 0.815384615
3069654 0.657894737 0.861538462
5023836 0.710526316 0.846153846
9940846 0.605263158 0.892307692
2166553 0.605263158 0.892307692
11878460 0.657894737 0.815384615
7475561 0.947368421 0.815384615
12727255 0.657894737 0.861538462
1386018 0.763157895 0.846153846
8873912 0.605263158 0.861538462
12955349 0.947368421 0.815384615
2244284 0.605263158 0.892307692
2647696 0.657894737 0.815384615
12588946 0.631578947 0.892307692
1941660 0.894736842 0.830769231
12870627 0.710526316 0.769230769
10147207 0.578947368 0.876923077
3187497 0.5 0.876923077
4409435 0.631578947 0.892307692
11900490 0.710526316 0.846153846
7230964 0.605263158 0.876923077
10522079 0.631578947 0.892307692
10407355 0.815789474 0.830769231
4903590 0.342105263 0.923076923
6864163 0.605263158 0.892307692
3732805 0.657894737 0.861538462
10748889 0.131578947 0.830769231
70575 0.631578947 0.876923077
9577877 0.5 0.876923077
13386125 0.842105263 0.769230769
3532584 0.894736842 0.830769231
7986509 0.947368421 0.707692308
2197476 0.605263158 0.676923077
11784223 0.763157895 0.846153846
3013041 0.763157895 0.846153846
8930138 0.763157895 0.846153846
12706957 0.842105263 0.815384615
12086681 0.631578947 0.861538462
8744153 0.763157895 0.846153846
10814111 0.947368421 0.815384615
3644707 0.842105263 0.815384615
9473341 0.5 0.876923077
12057240 0.342105263 0.923076923
640298 0.842105263 0.769230769
10724982 0.657894737 0.815384615
49896 0.763157895 0.769230769
11414578 0.894736842 0.830769231
7443860 0.710526316 0.769230769
2548061 0.657894737 0.861538462
9123618 0.631578947 0.876923077
12728114 0.763157895 0.846153846
10226784 0.842105263 0.769230769
4254405 0.947368421 0.815384615
10587857 0.605263158 0.892307692
12893831 0.763157895 0.846153846
