4368 0.788461538 0.675675676
10600 0.884615385 0.716216216
49896 0.826923077 0.675675676
52020 0.75 0.716216216
55921 0.961538462 0.716216216
66265 0.557692308 0.810810811
70575 0.730769231 0.77027027
81896 0.730769231 0.77027027
99523 0.923076923 0.72972973
111694 0.365384615 0.72972973
119782 0.730769231 0.77027027
126040 0.730769231 0.756756757
134271 0.75 0.716216216
144456 0.884615385 0.405405405
145317 0.730769231 0.77027027
168734 0.653846154 0.716216216
205865 0.788461538 0.743243243
212763 0.730769231 0.77027027
223696 0.730769231 0.77027027
229522 0.711538462 0.756756757
266832 0.961538462 0.621621622
274877 0.826923077 0.743243243
282922 0.865384615 0.72972973
300185 0.826923077 0.675675676
306967 0.730769231 0.77027027
308194 0.730769231 0.756756757
308595 0.961538462 0.716216216
323733 0.730769231 0.783783784
332508 0.730769231 0.77027027
347460 0.557692308 0.810810811
356631 0.884615385 0.716216216
359722 0.961538462 0.716216216
367007 0.711538462 0.756756757
378295 0.961538462 0.662162162
383024 0.961538462 0.716216216
386534 0.730769231 0.77027027
386600 0.961538462 0.662162162
416202 0.884615385 0.716216216
427867 0.730769231 0.77027027
444819 0.730769231 0.77027027
460689 0.711538462 0.783783784
481053 0.711538462 0.77027027
482019 0.826923077 0.675675676
482761 0.923076923 0.72972973
486530 0.730769231 0.77027027
488746 0.826923077 0.743243243
526815 0.826923077 0.608108108
535716 0.75 0.716216216
538242 0.75 0.756756757
546487 0.961538462 0.716216216
547976 0.730769231 0.77027027
551695 0.961538462 0.716216216
581697 0.826923077 0.608108108
605717 0.711538462 0.743243243
606021 0.711538462 0.756756757
607794 0.711538462 0.77027027
608397 0.730769231 0.77027027
620860 0.884615385 0.716216216
628072 0.961538462 0.716216216
640298 0.884615385 0.675675676
641329 0.730769231 0.77027027
688612 0.711538462 0.756756757
690759 0.730769231 0.77027027
713495 0.711538462 0.743243243
719099 0.711538462 0.77027027
726702 0.730769231 0.77027027
756863 0.826923077 0.743243243
758762 0.730769231 0.77027027
763421 0.730769231 0.77027027
803894 0.711538462 0.783783784
805238 0.711538462 0.743243243
806351 0.826923077 0.675675676
852267 0.788461538 0.743243243
855707 0.884615385 0.716216216
860337 0.884615385 0.675675676
869883 0.961538462 0.716216216
914513 0.730769231 0.77027027
921808 0.923076923 0.72972973
944988 0.75 0.716216216
955822 0.711538462 0.594594595
962541 0.884615385 0.716216216
978924 0.730769231 0.77027027
980732 0.826923077 0.675675676
999368 0.730769231 0.77027027
1013045 0.730769231 0.77027027
1023231 0.634615385 0.77027027
1026704 0.692307692 0.77027027
1054764 0.826923077 0.743243243
1063172 0.788461538 0.743243243
1069838 0.884615385 0.594594595
1073804 0.826923077 0.743243243
1078365 0.788461538 0.675675676
1089228 0.403846154 0.878378378
1095033 0.711538462 0.77027027
1123911 0.826923077 0.743243243
1137931 0.788461538 0.743243243
1166542 0.884615385 0.716216216
1172925 0.788461538 0.675675676
1200873 0.923076923 0.72972973
1204458 0.865384615 0.72972973
1207469 0.730769231 0.77027027
1216175 0.711538462 0.783783784
1224310 0.730769231 0.77027027
1232291 0.865384615 0.72972973
1234386 0.634615385 0.77027027
1238886 0.730769231 0.77027027
1260975 0.711538462 0.689189189
1281422 0.826923077 0.743243243
1304480 0.923076923 0.72972973
1304978 0.730769231 0.77027027
1305023 0.75 0.756756757
1310217 0.557692308 0.810810811
1324258 0.730769231 0.783783784
1334805 0.884615385 0.716216216
1337536 0.730769231 0.77027027
1338546 0.730769231 0.77027027
1345203 0.730769231 0.77027027
1345633 0.75 0.756756757
1360608 0.711538462 0.689189189
1385184 0.961538462 0.662162162
1386018 0.826923077 0.743243243
1404398 0.884615385 0.675675676
1404398 0.826923077 0.743243243
1413079 0.730769231 0.77027027
1416320 0.711538462 0.689189189
1420547 0.557692308 0.810810811
1424721 0.730769231 0.77027027
1430006 0.826923077 0.675675676
1430085 0.730769231 0.77027027
1435736 0.730769231 0.77027027
1465749 0.961538462 0.621621622
1466910 0.826923077 0.743243243
1469022 0.711538462 0.783783784
1497013 0.730769231 0.77027027
1519134 0.557692308 0.810810811
1528058 0.711538462 0.783783784
1543334 0.884615385 0.675675676
1602608 0.730769231 0.77027027
1637212 0.730769231 0.77027027
1679568 0.730769231 0.77027027
1718020 0.961538462 0.716216216
1733455 0.826923077 0.743243243
1747713 0.884615385 0.675675676
1762430 0.557692308 0.810810811
1768320 0.884615385 0.743243243
1771533 0.788461538 0.675675676
1783217 0.826923077 0.743243243
1792851 0.75 0.716216216
1798966 0.653846154 0.716216216
1811065 0.519230769 0.662162162
1818368 0.826923077 0.743243243
1819087 0.730769231 0.77027027
1825635 0.75 0.756756757
1829079 0.711538462 0.756756757
1833819 0.865384615 0.72972973
1845799 0.826923077 0.743243243
1869207 0.826923077 0.608108108
1874302 0.730769231 0.77027027
1877130 0.788461538 0.675675676
1880426 0.788461538 0.675675676
1895357 0.692307692 0.77027027
1898614 0.865384615 0.72972973
1903806 0.711538462 0.756756757
1908406 0.730769231 0.77027027
1912925 0.576923077 0.743243243
1916461 0.884615385 0.675675676
1916855 0.923076923 0.72972973
1931407 0.788461538 0.675675676
1938042 0.788461538 0.675675676
1941660 0.923076923 0.72972973
1946685 0.730769231 0.77027027
1950651 0.711538462 0.783783784
1953082 0.730769231 0.77027027
1954841 0.865384615 0.72972973
1969251 0.711538462 0.743243243
1982562 0.711538462 0.77027027
1986197 0.730769231 0.77027027
1987644 0.826923077 0.675675676
1990344 0.884615385 0.675675676
1996117 0.788461538 0.675675676
1999157 0.826923077 0.675675676
2005777 0.923076923 0.72972973
2026134 0.730769231 0.783783784
2034142 0.730769231 0.783783784
2066546 0.865384615 0.72972973
2066669 0.923076923 0.72972973
2072367 0.711538462 0.783783784
2076361 0.557692308 0.810810811
2076691 0.923076923 0.675675676
2088207 0.923076923 0.72972973
2089797 0.461538462 0.797297297
2103128 0.865384615 0.72972973
2110845 0.692307692 0.77027027
2132325 0.826923077 0.743243243
2139314 0.826923077 0.743243243
2141664 0.519230769 0.810810811
2145861 0.884615385 0.716216216
2152109 0.634615385 0.77027027
2165472 0.865384615 0.72972973
2166304 0.692307692 0.77027027
2166553 0.711538462 0.783783784
2167102 0.884615385 0.594594595
2177861 0.75 0.716216216
2178267 0.403846154 0.878378378
2180405 0.75 0.716216216
2191997 0.788461538 0.743243243
2197476 0.711538462 0.594594595
2200958 0.788461538 0.743243243
2214059 0.788461538 0.675675676
2238317 0.826923077 0.608108108
2240151 0.788461538 0.743243243
2242034 0.788461538 0.743243243
2244284 0.711538462 0.783783784
2247629 0.730769231 0.783783784
2247842 0.961538462 0.716216216
2248391 0.711538462 0.756756757
2255575 0.961538462 0.716216216
2260317 0.923076923 0.72972973
2265267 0.75 0.716216216
2271421 0.596153846 0.797297297
2273979 0.75 0.716216216
2275036 0.596153846 0.797297297
2281469 0.826923077 0.743243243
2287055 0.730769231 0.756756757
2294180 0.865384615 0.72972973
2299241 0.826923077 0.743243243
2309171 0.884615385 0.716216216
2313297 0.75 0.756756757
2314006 0.75 0.756756757
2324013 0.884615385 0.594594595
2332398 0.923076923 0.72972973
2335282 0.730769231 0.77027027
2336026 0.788461538 0.675675676
2339416 0.826923077 0.608108108
2348932 0.826923077 0.675675676
2351019 0.653846154 0.716216216
2353999 0.75 0.621621622
2359361 0.884615385 0.716216216
2371771 0.692307692 0.77027027
2375230 0.788461538 0.743243243
2375868 0.557692308 0.810810811
2376036 0.730769231 0.77027027
2381607 0.826923077 0.675675676
2397426 0.75 0.756756757
2411896 0.826923077 0.675675676
2418971 0.576923077 0.743243243
2423540 0.730769231 0.77027027
2423577 0.730769231 0.77027027
2431348 0.884615385 0.716216216
2451068 0.730769231 0.77027027
2473069 0.788461538 0.743243243
2482081 0.730769231 0.77027027
2492638 0.730769231 0.77027027
2493081 0.730769231 0.77027027
2497129 0.826923077 0.675675676
2503612 0.788461538 0.743243243
2505769 0.730769231 0.756756757
2507671 0.826923077 0.743243243
2523628 0.730769231 0.77027027
2525803 0.730769231 0.77027027
2529000 0.884615385 0.675675676
2546614 0.692307692 0.77027027
2548061 0.75 0.756756757
2549020 0.711538462 0.743243243
2549689 0.730769231 0.77027027
2562102 0.634615385 0.77027027
2567005 0.711538462 0.743243243
2569830 0.730769231 0.756756757
2571719 0.442307692 0.662162162
2574086 0.692307692 0.77027027
2589080 0.730769231 0.77027027
2597560 0.730769231 0.77027027
2599797 0.711538462 0.756756757
2604239 0.865384615 0.72972973
2607982 0.711538462 0.77027027
2621867 0.788461538 0.743243243
2634351 0.730769231 0.783783784
2635433 0.961538462 0.716216216
2647696 0.75 0.716216216
2648808 0.826923077 0.608108108
2649099 0.788461538 0.743243243
2650644 0.961538462 0.716216216
2653067 0.75 0.756756757
2658417 0.826923077 0.608108108
2664751 0.711538462 0.756756757
2674056 0.730769231 0.77027027
2675011 0.730769231 0.77027027
2696980 0.730769231 0.756756757
2710335 0.730769231 0.77027027
2714780 0.634615385 0.77027027
2747624 0.75 0.716216216
2760455 0.730769231 0.77027027
2766647 0.923076923 0.72972973
2766752 0.961538462 0.662162162
2769656 0.884615385 0.716216216
2770679 0.711538462 0.783783784
2781869 0.730769231 0.77027027
2789576 0.557692308 0.810810811
2792370 0.730769231 0.77027027
2797596 0.730769231 0.783783784
2835627 0.730769231 0.756756757
2845218 0.711538462 0.783783784
2856254 0.692307692 0.77027027
2866326 0.730769231 0.77027027
2866806 0.884615385 0.716216216
2876431 0.730769231 0.77027027
2876451 0.75 0.756756757
2881086 0.923076923 0.675675676
2884706 0.865384615 0.72972973
2886720 0.730769231 0.756756757
2889952 0.884615385 0.716216216
2893379 0.75 0.716216216
2920495 0.730769231 0.783783784
2921892 0.884615385 0.716216216
2923060 0.576923077 0.743243243
2925407 0.826923077 0.675675676
2927352 0.75 0.756756757
2934257 0.865384615 0.72972973
2937353 0.961538462 0.716216216
2940682 0.923076923 0.675675676
2944055 0.75 0.756756757
2949521 0.730769231 0.77027027
2956298 0.730769231 0.77027027
2960638 0.826923077 0.675675676
2963279 0.519230769 0.810810811
2972154 0.730769231 0.783783784
2975446 0.865384615 0.72972973
2978534 0.923076923 0.72972973
3000750 0.730769231 0.77027027
3008251 0.692307692 0.77027027
3012247 0.961538462 0.662162162
3013041 0.826923077 0.743243243
3014038 0.730769231 0.783783784
3014148 0.692307692 0.77027027
3019995 0.826923077 0.675675676
3022040 0.826923077 0.743243243
3029529 0.884615385 0.716216216
3036346 0.788461538 0.743243243
3040788 0.75 0.716216216
3051253 0.461538462 0.797297297
3055855 0.884615385 0.675675676
3060974 0.788461538 0.743243243
3065681 0.692307692 0.77027027
3069654 0.75 0.756756757
3077080 0.730769231 0.77027027
3077253 0.923076923 0.72972973
3079362 0.865384615 0.72972973
3081917 0.730769231 0.77027027
3083161 0.884615385 0.716216216
3091509 0.788461538 0.675675676
3094224 0.961538462 0.716216216
3108235 0.788461538 0.743243243
3112419 0.711538462 0.783783784
3121158 0.826923077 0.743243243
3121481 0.519230769 0.810810811
3122316 0.826923077 0.743243243
3123802 0.788461538 0.743243243
3127577 0.730769231 0.77027027
3134381 0.884615385 0.716216216
3140107 0.884615385 0.675675676
3141037 0.923076923 0.72972973
3153526 0.961538462 0.716216216
3168415 0.730769231 0.77027027
3180884 0.961538462 0.716216216
3185359 0.865384615 0.72972973
3187044 0.961538462 0.621621622
3187497 0.634615385 0.77027027
3192986 0.884615385 0.594594595
3193077 0.557692308 0.810810811
3205512 0.884615385 0.716216216
3223984 0.884615385 0.716216216
3225864 0.692307692 0.77027027
3228085 0.730769231 0.783783784
3237018 0.865384615 0.72972973
3243388 0.711538462 0.77027027
3244645 0.730769231 0.77027027
3252286 0.711538462 0.756756757
3254610 0.826923077 0.743243243
3261278 0.730769231 0.77027027
3263168 0.826923077 0.743243243
3276586 0.730769231 0.77027027
3278666 0.711538462 0.77027027
3278701 0.788461538 0.743243243
3281441 0.692307692 0.77027027
3290027 0.884615385 0.594594595
3292473 0.730769231 0.77027027
3294073 0.711538462 0.689189189
3294809 0.961538462 0.716216216
3300440 0.826923077 0.743243243
3303700 0.826923077 0.743243243
3309982 0.865384615 0.72972973
3311673 0.730769231 0.77027027
3312406 0.730769231 0.783783784
3313208 0.75 0.756756757
3316613 0.826923077 0.743243243
3320182 0.788461538 0.743243243
3325366 0.923076923 0.527027027
3325476 0.826923077 0.743243243
3329319 0.884615385 0.716216216
3333260 0.884615385 0.675675676
3334583 0.653846154 0.716216216
3337758 0.884615385 0.716216216
3342304 0.730769231 0.77027027
3345133 0.826923077 0.675675676
3350928 0.75 0.756756757
3351545 0.788461538 0.743243243
3353194 0.923076923 0.72972973
3354215 0.596153846 0.783783784
3354785 0.865384615 0.72972973
3355534 0.346153846 0.662162162
3358153 0.711538462 0.594594595
3358463 0.519230769 0.810810811
3360749 0.730769231 0.77027027
3368195 0.730769231 0.77027027
3378248 0.730769231 0.756756757
3383341 0.865384615 0.72972973
3386222 0.730769231 0.77027027
3392313 0.826923077 0.675675676
3392772 0.826923077 0.743243243
3415066 0.653846154 0.716216216
3416443 0.519230769 0.662162162
3419544 0.730769231 0.783783784
3422167 0.826923077 0.743243243
3427000 0.634615385 0.77027027
3428372 0.884615385 0.675675676
3428406 0.884615385 0.716216216
3432381 0.730769231 0.77027027
3437699 0.730769231 0.77027027
3441551 0.884615385 0.716216216
3446773 0.826923077 0.743243243
3451622 0.75 0.716216216
3452760 0.653846154 0.716216216
3454488 0.846153846 0.743243243
3460925 0.826923077 0.675675676
3465252 0.865384615 0.72972973
3466187 0.634615385 0.77027027
3466320 0.788461538 0.743243243
3472526 0.730769231 0.77027027
3473988 0.923076923 0.72972973
3480319 0.865384615 0.72972973
3487569 0.730769231 0.77027027
3497500 0.865384615 0.72972973
3502123 0.730769231 0.77027027
3505584 0.576923077 0.743243243
3515557 0.557692308 0.810810811
3517298 0.923076923 0.72972973
3524967 0.557692308 0.810810811
3528884 0.730769231 0.77027027
3530092 0.826923077 0.675675676
3532584 0.923076923 0.72972973
3543668 0.865384615 0.72972973
3546194 0.826923077 0.675675676
3557300 0.865384615 0.72972973
3564192 0.730769231 0.77027027
3566785 0.730769231 0.77027027
3575379 0.711538462 0.77027027
3575816 0.75 0.756756757
3576739 0.730769231 0.77027027
3587646 0.692307692 0.77027027
3590302 0.730769231 0.77027027
3594797 0.923076923 0.72972973
3605229 0.730769231 0.77027027
3612651 0.788461538 0.675675676
3612840 0.923076923 0.72972973
3616162 0.730769231 0.77027027
3617963 0.711538462 0.783783784
3627125 0.788461538 0.675675676
3627558 0.884615385 0.716216216
3630622 0.692307692 0.77027027
3630861 0.826923077 0.675675676
3644707 0.884615385 0.716216216
3660001 0.730769231 0.783783784
3660043 0.826923077 0.743243243
3665011 0.826923077 0.743243243
3666242 0.711538462 0.77027027
3687331 0.557692308 0.810810811
3696531 0.730769231 0.77027027
3697050 0.730769231 0.77027027
3697852 0.884615385 0.716216216
3702138 0.826923077 0.743243243
3702826 0.75 0.716216216
3711566 0.75 0.621621622
3719477 0.884615385 0.716216216
3720668 0.730769231 0.77027027
3728519 0.692307692 0.77027027
3732805 0.75 0.756756757
3764242 0.826923077 0.608108108
3769225 0.961538462 0.716216216
3769387 0.884615385 0.675675676
3775776 0.865384615 0.72972973
3776109 0.442307692 0.662162162
3780378 0.711538462 0.77027027
3782759 0.730769231 0.77027027
3783065 0.826923077 0.743243243
3809312 0.730769231 0.77027027
3818233 0.75 0.756756757
3820995 0.711538462 0.743243243
3821053 0.826923077 0.743243243
3829429 0.961538462 0.716216216
3848368 0.75 0.756756757
3852031 0.884615385 0.675675676
3854425 0.730769231 0.77027027
3864282 0.826923077 0.743243243
3869629 0.826923077 0.743243243
3871942 0.730769231 0.77027027
3872951 0.884615385 0.675675676
3886739 0.75 0.756756757
3887796 0.730769231 0.77027027
3896321 0.730769231 0.783783784
3896852 0.788461538 0.675675676
3897919 0.903846154 0.5
3898700 0.730769231 0.77027027
3902478 0.788461538 0.743243243
3903229 0.711538462 0.783783784
3904420 0.711538462 0.756756757
3910028 0.961538462 0.716216216
3910106 0.826923077 0.675675676
3916441 0.711538462 0.783783784
3921231 0.692307692 0.77027027
3921328 0.730769231 0.77027027
3929638 0.788461538 0.743243243
3929980 0.826923077 0.743243243
3930676 0.75 0.716216216
3931997 0.75 0.716216216
3938575 0.730769231 0.77027027
3944830 0.923076923 0.675675676
3945639 0.711538462 0.783783784
3950512 0.711538462 0.783783784
3956264 0.923076923 0.72972973
3957965 0.730769231 0.77027027
3959366 0.75 0.756756757
3959615 0.692307692 0.77027027
3959701 0.75 0.716216216
3964021 0.730769231 0.77027027
3966666 0.730769231 0.77027027
3966782 0.711538462 0.77027027
3975955 0.788461538 0.743243243
3976520 0.730769231 0.77027027
3984512 0.788461538 0.743243243
3994588 0.75 0.716216216
3999875 0.730769231 0.77027027
4015948 0.788461538 0.675675676
4016275 0.730769231 0.77027027
4016573 0.519230769 0.810810811
4021161 0.826923077 0.675675676
4025573 0.711538462 0.743243243
4034136 0.730769231 0.783783784
4034579 0.557692308 0.810810811
4034597 0.730769231 0.783783784
4035068 0.730769231 0.77027027
4038637 0.769230769 0.743243243
4054414 0.730769231 0.77027027
4059125 0.730769231 0.783783784
4066513 0.730769231 0.783783784
4081838 0.711538462 0.783783784
4083528 0.730769231 0.783783784
4088553 0.826923077 0.743243243
4093680 0.730769231 0.77027027
4094440 0.653846154 0.716216216
4096185 0.788461538 0.675675676
4098142 0.730769231 0.783783784
4102680 0.826923077 0.743243243
4105469 0.730769231 0.783783784
4107717 0.923076923 0.72972973
4111154 0.884615385 0.675675676
4115984 0.923076923 0.72972973
4116316 0.788461538 0.675675676
4117146 0.884615385 0.716216216
4117828 0.884615385 0.675675676
4121418 0.365384615 0.72972973
4124431 0.75 0.756756757
4127853 0.365384615 0.72972973
4131243 0.75 0.716216216
4132482 0.884615385 0.716216216
4137718 0.711538462 0.783783784
4143928 0.865384615 0.72972973
4158300 0.730769231 0.77027027
4161425 0.961538462 0.662162162
4187146 0.634615385 0.77027027
4187519 0.711538462 0.756756757
4188340 0.692307692 0.743243243
4189343 0.730769231 0.77027027
4196007 0.442307692 0.662162162
4196353 0.788461538 0.743243243
4202821 0.788461538 0.675675676
4213576 0.711538462 0.783783784
4214477 0.692307692 0.77027027
4225208 0.711538462 0.783783784
4226750 0.730769231 0.77027027
4229925 0.923076923 0.72972973
4230702 0.826923077 0.743243243
4248025 0.865384615 0.72972973
4253038 0.788461538 0.743243243
4254405 0.961538462 0.716216216
4255800 0.711538462 0.689189189
4257509 0.826923077 0.743243243
4263999 0.826923077 0.675675676
4271515 0.788461538 0.743243243
4287004 0.884615385 0.716216216
4289252 0.692307692 0.77027027
4290067 0.826923077 0.743243243
4290275 0.75 0.716216216
4295059 0.884615385 0.675675676
4302988 0.923076923 0.72972973
4311884 0.634615385 0.756756757
4320738 0.884615385 0.675675676
4325516 0.75 0.716216216
4340274 0.730769231 0.77027027
4347699 0.730769231 0.756756757
4352771 0.730769231 0.77027027
4365616 0.826923077 0.743243243
4369196 0.75 0.716216216
4393006 0.711538462 0.743243243
4406130 0.711538462 0.783783784
4409435 0.730769231 0.783783784
4409809 0.788461538 0.743243243
4422710 0.75 0.756756757
4438255 0.884615385 0.594594595
4445443 0.884615385 0.716216216
4447564 0.884615385 0.716216216
4450779 0.884615385 0.675675676
4459008 0.75 0.756756757
4461243 0.884615385 0.716216216
4477636 0.923076923 0.72972973
4486131 0.576923077 0.743243243
4490138 0.865384615 0.72972973
4493666 0.730769231 0.77027027
4493774 0.788461538 0.743243243
4497136 0.788461538 0.675675676
4499884 0.826923077 0.743243243
4509492 0.788461538 0.675675676
4514048 0.730769231 0.77027027
4521411 0.692307692 0.77027027
4522656 0.826923077 0.608108108
4523336 0.634615385 0.77027027
4553326 0.730769231 0.77027027
4575773 0.865384615 0.72972973
4582802 0.961538462 0.716216216
4603640 0.923076923 0.527027027
4605479 0.826923077 0.675675676
4613323 0.75 0.756756757
4614707 0.730769231 0.77027027
4627292 0.865384615 0.72972973
4631867 0.730769231 0.77027027
4635032 0.884615385 0.675675676
4641251 0.730769231 0.77027027
4650324 0.730769231 0.77027027
4678504 0.519230769 0.581081081
4688739 0.75 0.716216216
4692719 0.826923077 0.743243243
4693528 0.730769231 0.783783784
4694846 0.884615385 0.716216216
4702704 0.884615385 0.716216216
4709180 0.865384615 0.72972973
4718661 0.403846154 0.878378378
4727078 0.711538462 0.783783784
4731485 0.730769231 0.77027027
4735452 0.865384615 0.72972973
4743077 0.730769231 0.783783784
4759833 0.75 0.756756757
4766461 0.865384615 0.72972973
4777196 0.788461538 0.743243243
4781822 0.865384615 0.72972973
4787723 0.826923077 0.743243243
4792450 0.961538462 0.716216216
4804846 0.519230769 0.662162162
4808358 0.75 0.716216216
4810402 0.711538462 0.783783784
4840669 0.884615385 0.675675676
4848884 0.826923077 0.743243243
4850912 0.865384615 0.72972973
4860916 0.826923077 0.743243243
4870510 0.75 0.756756757
4873826 0.730769231 0.77027027
4887065 0.653846154 0.716216216
4888097 0.961538462 0.716216216
4888233 0.788461538 0.743243243
4897039 0.730769231 0.783783784
4903590 0.519230769 0.810810811
4929323 0.711538462 0.783783784
4946131 0.826923077 0.743243243
4954727 0.923076923 0.72972973
4961709 0.692307692 0.77027027
4969077 0.75 0.716216216
4983391 0.826923077 0.675675676
5006346 0.961538462 0.716216216
5015841 0.711538462 0.783783784
5016387 0.730769231 0.77027027
5016617 0.711538462 0.77027027
5023836 0.788461538 0.743243243
5025031 0.730769231 0.77027027
5033806 0.884615385 0.716216216
5033895 0.730769231 0.783783784
5045748 0.730769231 0.756756757
5048824 0.865384615 0.72972973
5067417 0.826923077 0.743243243
5071984 0.884615385 0.716216216
5072465 0.596153846 0.797297297
5087075 0.75 0.756756757
5091165 0.884615385 0.675675676
5109745 0.711538462 0.783783784
5117805 0.884615385 0.675675676
5128748 0.730769231 0.77027027
5152681 0.730769231 0.77027027
5177136 0.692307692 0.77027027
5179404 0.884615385 0.675675676
5191375 0.75 0.756756757
5194603 0.826923077 0.608108108
5200360 0.788461538 0.675675676
5202786 0.826923077 0.675675676
5206631 0.730769231 0.77027027
5208129 0.711538462 0.77027027
5245968 0.865384615 0.72972973
5254197 0.961538462 0.716216216
5260868 0.711538462 0.783783784
5262066 0.730769231 0.783783784
5266640 0.826923077 0.743243243
5272275 0.730769231 0.783783784
5279504 0.730769231 0.77027027
5284621 0.75 0.756756757
5286957 0.365384615 0.567567568
5314287 0.711538462 0.783783784
5315343 0.884615385 0.716216216
5318394 0.519230769 0.810810811
5320978 0.75 0.756756757
5329857 0.75 0.716216216
5342544 0.730769231 0.77027027
5344342 0.884615385 0.675675676
5357679 0.788461538 0.675675676
5364069 0.788461538 0.675675676
5373692 0.884615385 0.594594595
5373871 0.788461538 0.743243243
5378811 0.730769231 0.77027027
5393351 0.961538462 0.716216216
5405660 0.826923077 0.743243243
5414712 0.730769231 0.77027027
5418881 0.711538462 0.783783784
5423114 0.653846154 0.716216216
5429104 0.788461538 0.743243243
5430378 0.730769231 0.77027027
5432663 0.75 0.716216216
5433550 0.865384615 0.72972973
5443269 0.884615385 0.594594595
5447654 0.730769231 0.783783784
5451261 0.711538462 0.783783784
5459112 0.730769231 0.77027027
5462729 0.826923077 0.743243243
5462795 0.634615385 0.77027027
5492972 0.826923077 0.608108108
5501624 0.826923077 0.675675676
5501772 0.75 0.716216216
5507086 0.788461538 0.675675676
5513121 0.884615385 0.405405405
5526203 0.730769231 0.77027027
5526890 0.826923077 0.608108108
5527354 0.75 0.716216216
5530413 0.884615385 0.675675676
5535219 0.884615385 0.594594595
5549926 0.730769231 0.77027027
5554046 0.961538462 0.716216216
5556030 0.884615385 0.675675676
5563374 0.711538462 0.783783784
5608286 0.788461538 0.743243243
5619591 0.961538462 0.716216216
5627885 0.730769231 0.77027027
5647416 0.826923077 0.675675676
5657336 0.730769231 0.77027027
5659342 0.730769231 0.756756757
5673821 0.711538462 0.756756757
5675903 0.730769231 0.77027027
5678084 0.788461538 0.675675676
5694808 0.884615385 0.716216216
5698827 0.75 0.716216216
5709076 0.711538462 0.783783784
5721780 0.788461538 0.675675676
5729720 0.634615385 0.77027027
5750429 0.711538462 0.77027027
5760483 0.75 0.756756757
5761328 0.75 0.716216216
5762008 0.730769231 0.77027027
5762722 0.730769231 0.77027027
5795454 0.884615385 0.716216216
5803709 0.961538462 0.716216216
5804405 0.730769231 0.77027027
5808635 0.730769231 0.77027027
5833718 0.75 0.716216216
5834456 0.711538462 0.783783784
5838694 0.730769231 0.77027027
5843079 0.692307692 0.77027027
5844565 0.730769231 0.77027027
5850531 0.826923077 0.743243243
5853803 0.788461538 0.743243243
5857373 0.711538462 0.783783784
5861639 0.961538462 0.621621622
5877536 0.788461538 0.743243243
5901617 0.442307692 0.72972973
5902320 0.711538462 0.77027027
5916780 0.75 0.756756757
5918377 0.442307692 0.662162162
5921739 0.730769231 0.77027027
5924206 0.826923077 0.743243243
5937640 0.865384615 0.72972973
5937946 0.865384615 0.72972973
5968740 0.75 0.756756757
5970683 0.961538462 0.716216216
5976773 0.711538462 0.756756757
5978666 0.884615385 0.716216216
5984617 0.884615385 0.716216216
5990811 0.788461538 0.743243243
5992237 0.730769231 0.756756757
5995427 0.923076923 0.675675676
6009761 0.884615385 0.594594595
6014993 0.865384615 0.72972973
6024153 0.75 0.756756757
6024768 0.730769231 0.77027027
6025007 0.826923077 0.743243243
6025235 0.711538462 0.756756757
6028291 0.826923077 0.743243243
6033811 0.788461538 0.743243243
6036190 0.711538462 0.783783784
6036794 0.788461538 0.675675676
6039767 0.634615385 0.77027027
6044416 0.692307692 0.77027027
6048370 0.75 0.716216216
6053867 0.826923077 0.743243243
6059533 0.923076923 0.675675676
6067684 0.711538462 0.783783784
6071728 0.884615385 0.594594595
6098502 0.884615385 0.594594595
6102311 0.711538462 0.743243243
6106562 0.634615385 0.77027027
6107074 0.884615385 0.675675676
6121172 0.730769231 0
6122534 0.480769231 0.851351351
6134007 0.788461538 0.743243243
6138456 0.75 0.716216216
6147128 0.75 0.756756757
6158489 0.25 1
6158734 0.634615385 0.77027027
6163843 0.884615385 0.594594595
6199815 0.711538462 0.77027027
6203646 0.75 0.756756757
6213216 0.961538462 0.716216216
6218632 0.788461538 0.675675676
6220954 0.711538462 0.756756757
6266007 0.75 0.716216216
6275257 0.961538462 0.716216216
6275519 0.711538462 0.783783784
6278593 0.711538462 0.756756757
6285783 0.826923077 0.743243243
6289187 0.865384615 0.72972973
6293842 0.730769231 0.783783784
6361131 0.730769231 0.783783784
6386478 0.75 0.716216216
6388021 0.75 0.756756757
6394578 0.730769231 0.77027027
6396591 0.692307692 0.77027027
6419796 0.653846154 0.716216216
6475864 0.75 0.756756757
6477895 0.923076923 0.675675676
6482988 0.788461538 0.743243243
6493610 0.884615385 0.675675676
6498432 0.75 0.756756757
6516090 0.788461538 0.743243243
6523609 0.826923077 0.675675676
6529062 0.923076923 0.72972973
6545543 0.519230769 0.662162162
6551974 0.923076923 0.675675676
6557526 0.75 0.756756757
6565344 0.75 0.716216216
6567331 0.75 0.756756757
6567790 0.826923077 0.743243243
6584682 0.826923077 0.608108108
6588143 0.826923077 0.743243243
6590248 0.692307692 0.77027027
6597092 0.711538462 0.77027027
6602622 0.711538462 0.783783784
6606622 0.75 0.716216216
6618679 0.75 0.716216216
6623105 0.788461538 0.743243243
6627497 0.75 0.716216216
6657457 0.788461538 0.743243243
6657895 0.711538462 0.743243243
6664398 0.788461538 0.743243243
6676190 0.75 0.756756757
6676273 0.826923077 0.675675676
6677440 0.884615385 0.675675676
6681691 0.711538462 0.783783784
6691493 0.826923077 0.675675676
6714018 0.826923077 0.527027027
6718645 0.75 0.756756757
6724850 0.75 0.756756757
6740341 0.923076923 0.72972973
6750456 0.788461538 0.743243243
6755987 0.634615385 0.77027027
6759111 0.711538462 0.756756757
6761830 0.730769231 0.783783784
6764933 0.75 0.756756757
6774613 0.961538462 0.716216216
6776639 0.826923077 0.743243243
6777247 0.788461538 0.675675676
6788741 0.730769231 0.77027027
6792963 0.826923077 0.743243243
6793249 0.75 0.716216216
6796500 0.961538462 0.716216216
6799011 0.711538462 0.743243243
6810822 0.788461538 0.675675676
6817001 0.826923077 0.743243243
6821800 0.865384615 0.72972973
6829602 0.865384615 0.72972973
6834859 0.730769231 0.77027027
6849589 0.711538462 0.783783784
6863326 0.961538462 0.716216216
6864163 0.711538462 0.783783784
6865206 0.884615385 0.675675676
6865479 0.961538462 0.662162162
6869005 0.884615385 0.405405405
6895106 0.826923077 0.743243243
6899421 0.788461538 0.743243243
6908154 0.730769231 0.77027027
6908585 0.788461538 0.743243243
6915041 0.884615385 0.716216216
6922870 0.75 0.756756757
6928614 0.923076923 0.72972973
6936544 0.75 0.756756757
6949576 0.826923077 0.743243243
6951801 0.711538462 0.783783784
6958765 0.826923077 0.675675676
6962130 0.730769231 0.77027027
6974374 0.961538462 0.716216216
6984493 0.923076923 0.675675676
6992051 0.75 0.756756757
6993040 0.923076923 0.72972973
6994802 0.788461538 0.675675676
6996923 0.653846154 0.716216216
6997094 0.826923077 0.743243243
6997882 0.730769231 0
7001018 0.730769231 0.756756757
7021314 0.634615385 0.77027027
7022365 0.961538462 0.716216216
7032583 0.788461538 0.743243243
7036637 0.826923077 0.743243243
7040228 0.576923077 0.743243243
7050976 0.75 0.756756757
7056845 0.961538462 0.716216216
7057305 0.923076923 0.72972973
7070259 0.865384615 0.72972973
7076868 0.634615385 0.77027027
7092500 0.730769231 0.783783784
7099421 0.730769231 0.77027027
7106176 0.884615385 0.675675676
7129379 0.576923077 0.743243243
7131810 0.711538462 0.756756757
7135678 0.884615385 0.675675676
7140836 0.711538462 0.594594595
7141371 0.730769231 0.77027027
7144621 0.865384615 0.72972973
7157476 0.75 0.756756757
7157615 0.730769231 0.756756757
7177963 0.730769231 0.77027027
7181791 0.826923077 0.527027027
7193610 0.75 0.716216216
7205960 0.730769231 0.77027027
7213914 0.711538462 0.756756757
7217086 0.711538462 0.743243243
7224384 0.711538462 0.783783784
7225148 0.788461538 0.743243243
7228317 0.903846154 0.5
7230964 0.711538462 0.77027027
7242208 0.75 0.716216216
7246610 0.923076923 0.72972973
7249365 0.730769231 0.77027027
7251087 0.711538462 0.783783784
7258865 0.788461538 0.675675676
7259557 0.788461538 0.743243243
7284520 0.730769231 0.77027027
7297476 0.75 0.716216216
7315284 0.711538462 0.756756757
7317721 0.884615385 0.675675676
7325117 0.826923077 0.608108108
7325176 0.75 0.716216216
7328128 0.730769231 0.77027027
7335038 0.961538462 0.662162162
7335711 0.826923077 0.743243243
7338304 0.711538462 0.756756757
7341357 0.884615385 0.621621622
7349084 0.788461538 0.743243243
7353320 0.788461538 0.743243243
7353670 0.826923077 0.743243243
7358801 0.711538462 0.77027027
7359206 0.75 0.756756757
7366447 0.711538462 0.743243243
7370694 0.826923077 0.743243243
7370927 0.75 0.756756757
7371957 0.730769231 0.77027027
7374256 0.634615385 0.77027027
7379363 0.711538462 0.756756757
7393949 0.961538462 0.662162162
7398481 0.826923077 0.743243243
7405240 0.75 0.716216216
7418450 0.788461538 0.743243243
7421438 0.730769231 0.77027027
7425326 0.711538462 0.756756757
7439541 0.788461538 0.675675676
7440235 0.884615385 0.716216216
7443860 0.788461538 0.675675676
7446859 0.884615385 0.716216216
7452858 0.884615385 0.675675676
7459261 0.884615385 0.716216216
7460182 0.730769231 0.77027027
7465397 0.711538462 0.743243243
7467447 0.730769231 0.77027027
7475561 0.961538462 0.716216216
7482589 0.826923077 0.675675676
7486175 0.884615385 0.675675676
7486441 0.519230769 0.810810811
7496524 0.730769231 0.77027027
7507406 0.730769231 0.77027027
7524154 0.730769231 0.783783784
7528606 0.961538462 0.662162162
7532438 0.788461538 0.675675676
7540125 0.711538462 0.77027027
7544640 0.884615385 0.675675676
7545237 0.75 0.756756757
7545664 0.788461538 0.675675676
7555890 0.711538462 0.756756757
7558827 0.75 0.756756757
7559146 0.730769231 0.77027027
7567888 0.788461538 0.743243243
7571893 0.692307692 0.702702703
7573863 0.692307692 0.77027027
7575112 0.730769231 0.77027027
7575564 0.923076923 0.72972973
7575969 0.788461538 0.675675676
7576222 0.711538462 0.77027027
7579246 0.269230769 0.864864865
7585362 0.788461538 0.675675676
7585444 0.788461538 0.675675676
7587073 0.961538462 0.716216216
7588501 0.730769231 0.783783784
7595810 0.576923077 0.743243243
7596251 0.788461538 0.743243243
7599198 0.692307692 0.77027027
7611749 0.788461538 0.743243243
7616575 0.865384615 0.72972973
7616908 0.653846154 0.716216216
7617170 0.634615385 0.77027027
7617741 0.730769231 0.77027027
7625513 0.884615385 0.716216216
7625824 0.519230769 0.810810811
7627894 0.75 0.716216216
7631068 0.826923077 0.743243243
7631271 0.826923077 0.743243243
7631662 0.653846154 0.716216216
7643725 0.711538462 0.756756757
7645290 0.711538462 0.77027027
7655976 0.884615385 0.716216216
7660600 0.711538462 0.743243243
7664766 0.884615385 0.675675676
7665071 0.730769231 0.77027027
7667536 0.519230769 0.810810811
7686457 0.692307692 0.77027027
7704034 0.711538462 0.783783784
7715512 0.730769231 0.783783784
7717275 0.730769231 0.77027027
7732776 0.692307692 0.77027027
7733848 0.75 0.756756757
7735363 0.826923077 0.743243243
7738413 0.865384615 0.72972973
7757421 0.653846154 0.716216216
7758496 0.576923077 0.662162162
7758974 0.711538462 0.756756757
7763763 0.730769231 0.77027027
7767080 0.711538462 0.689189189
7771500 0.730769231 0.77027027
7776606 0.75 0.716216216
7780409 0.711538462 0.756756757
7796700 0.884615385 0.716216216
7797984 0.865384615 0.72972973
7800662 0.730769231 0.783783784
7817416 0.884615385 0.716216216
7821497 0.711538462 0.648648649
7825440 0.884615385 0.716216216
7828437 0.826923077 0.743243243
7829009 0.923076923 0.72972973
7832870 0.961538462 0.662162162
7834453 0.826923077 0.743243243
7834805 0.788461538 0.743243243
7835310 0.788461538 0.743243243
7835881 0.923076923 0.72972973
7836645 0.730769231 0.77027027
7842171 0.865384615 0.72972973
7849468 0.75 0.716216216
7851733 0.865384615 0.72972973
7852244 0.730769231 0.783783784
7855688 0.923076923 0.72972973
7857316 0.730769231 0.77027027
7858122 0.865384615 0.72972973
7862329 0.711538462 0.756756757
7864717 0.730769231 0.77027027
7869101 0.730769231 0.77027027
7870438 0.75 0.756756757
7874734 0.788461538 0.675675676
7876937 0.884615385 0.716216216
7879375 0.923076923 0.72972973
7885321 0.884615385 0.716216216
7889489 0.865384615 0.743243243
7896930 0.730769231 0.783783784
7904100 0.826923077 0.743243243
7917968 0.461538462 0.797297297
7919303 0.923076923 0.72972973
7919472 0.884615385 0.716216216
7920041 0.519230769 0.810810811
7921915 0.346153846 0.783783784
7922665 0.788461538 0.743243243
7925912 0.826923077 0.743243243
7927663 0.365384615 0.72972973
7931950 0.711538462 0.783783784
7934646 0.711538462 0.783783784
7935907 0.730769231 0.77027027
7944073 0.730769231 0.77027027
7945938 0.884615385 0.716216216
7946943 0.826923077 0.743243243
7949127 0.788461538 0.743243243
7954015 0.730769231 0.783783784
7955235 0.884615385 0.675675676
7955493 0.788461538 0.743243243
7959140 0.711538462 0.783783784
7959993 0.865384615 0.72972973
7965576 0.634615385 0.77027027
7972315 0.788461538 0.743243243
7979794 0.576923077 0.662162162
7985227 0.730769231 0.783783784
7986509 0.961538462 0.621621622
7990418 0.923076923 0.72972973
7998912 0.865384615 0.72972973
8000153 0.711538462 0.756756757
8002399 0.826923077 0.743243243
8004024 0.75 0.716216216
8005647 0.961538462 0.716216216
8019989 0.75 0.716216216
8023733 0.961538462 0.716216216
8029294 0.692307692 0.77027027
8031142 0.711538462 0.743243243
8037040 0.711538462 0.783783784
8039675 0.865384615 0.72972973
8041163 0.75 0.716216216
8045796 0.865384615 0.72972973
8047421 0.730769231 0.783783784
8047959 0.961538462 0.716216216
8051487 0.826923077 0.743243243
8052778 0.730769231 0.77027027
8053067 0.711538462 0.783783784
8055899 0.730769231 0.77027027
8060721 0.365384615 0.72972973
8061265 0.711538462 0.756756757
8063742 0.826923077 0.743243243
8065520 0.596153846 0.797297297
8067796 0.884615385 0.716216216
8069853 0.711538462 0.756756757
8074068 0.730769231 0.756756757
8074077 0.346153846 0.783783784
8074240 0.75 0.756756757
8075401 0.711538462 0.783783784
8086771 0.788461538 0.743243243
8088596 0.788461538 0.675675676
8099250 0.884615385 0.675675676
8105909 0.923076923 0.72972973
8108739 0.826923077 0.675675676
8113815 0.788461538 0.743243243
8113869 0.75 0.716216216
8116555 0.826923077 0.743243243
8118261 0.711538462 0.783783784
8118416 0.75 0.716216216
8132355 0.461538462 0.797297297
8136754 0.557692308 0.810810811
8140175 0.711538462 0.77027027
8148858 0.75 0.756756757
8154193 0.730769231 0.756756757
8155286 0.865384615 0.72972973
8160551 0.923076923 0.72972973
8170270 0.826923077 0.743243243
8174709 0.711538462 0.783783784
8176714 0.730769231 0.77027027
8186909 0.75 0.756756757
8189756 0.961538462 0.716216216
8194528 0.788461538 0.675675676
8199437 0.730769231 0.77027027
8203697 0.788461538 0.743243243
8204200 0.788461538 0.743243243
8209549 0.519230769 0.810810811
8212347 0.730769231 0.783783784
8221145 0.884615385 0.716216216
8224644 0.961538462 0.716216216
8232997 0.711538462 0.783783784
8240509 0.711538462 0.756756757
8245448 0.557692308 0.810810811
8246539 0.730769231 0.77027027
8248275 0.711538462 0.743243243
8248945 0.75 0.756756757
8252917 0.711538462 0.77027027
8260086 0.711538462 0.756756757
8265754 0.923076923 0.72972973
8267851 0.519230769 0.581081081
8268696 0.576923077 0.662162162
8269051 0.884615385 0.675675676
8270130 0.634615385 0.77027027
8277547 0.884615385 0.594594595
8280533 0.923076923 0.675675676
8284621 0.711538462 0.689189189
8290289 0.75 0.756756757
8301945 0.730769231 0.783783784
8304343 0.826923077 0.743243243
8321984 0.884615385 0.716216216
8327728 0.788461538 0.743243243
8333869 0.884615385 0.675675676
8336043 0.826923077 0.608108108
8337710 0.730769231 0.77027027
8341126 0.75 0.756756757
8351416 0.711538462 0.756756757
8359470 0.653846154 0.716216216
8361648 0.711538462 0.756756757
8367778 0.711538462 0.756756757
8369908 0.826923077 0.743243243
8370624 0.826923077 0.527027027
8378410 0.826923077 0.743243243
8380920 0.730769231 0.77027027
8385221 0.865384615 0.72972973
8385240 0.730769231 0.77027027
8389631 0.730769231 0.77027027
8401158 0.711538462 0.594594595
8410323 0.711538462 0.77027027
8410839 0.730769231 0.77027027
8414584 0.884615385 0.716216216
8417059 0.730769231 0.77027027
8417170 0.923076923 0.675675676
8421866 0.730769231 0.77027027
8425161 0.730769231 0.783783784
8428138 0.826923077 0.608108108
8433318 0.75 0.756756757
8440867 0.519230769 0.810810811
8447728 0.519230769 0.662162162
8458871 0.826923077 0.675675676
8462741 0.923076923 0.527027027
8468593 0.769230769 0.756756757
8468807 0.884615385 0.675675676
8470999 0.788461538 0.743243243
8472580 0.826923077 0.675675676
8472784 0.730769231 0.783783784
8479502 0.884615385 0.716216216
8479964 0.865384615 0.72972973
8480982 0.923076923 0.72972973
8482655 0.653846154 0.648648649
8484178 0.653846154 0.716216216
8485127 0.634615385 0.77027027
8487939 0.692307692 0.77027027
8493847 0.711538462 0.756756757
8494865 0.730769231 0.77027027
8495909 0.711538462 0.756756757
8499109 0.884615385 0.716216216
8500343 0.961538462 0.662162162
8501520 0.826923077 0.675675676
8501977 0.653846154 0.716216216
8504559 0.865384615 0.72972973
8504819 0.75 0.716216216
8509830 0.961538462 0.716216216
8511510 0.692307692 0.77027027
8516457 0.884615385 0.716216216
8519209 0.711538462 0.783783784
8522761 0.519230769 0.810810811
8525460 0.480769231 0.851351351
8530221 0.961538462 0.621621622
8530779 0.730769231 0.783783784
8531096 0.865384615 0.72972973
8541662 0.788461538 0.675675676
8545736 0.557692308 0.810810811
8547156 0.730769231 0.77027027
8548109 0.730769231 0.77027027
8557218 0.75 0.756756757
8557442 0.730769231 0.783783784
8560013 0.961538462 0.716216216
8560899 0.480769231 0.851351351
8561712 0.788461538 0.743243243
8562233 0.75 0.716216216
8564104 0.884615385 0.675675676
8564466 0.923076923 0.72972973
8566188 0.923076923 0.72972973
8569969 0.730769231 0.77027027
8585119 0.75 0.716216216
8591668 0.730769231 0.77027027
8594143 0.884615385 0.675675676
8598569 0.692307692 0.77027027
8600042 0.788461538 0.743243243
8601350 0.711538462 0.783783784
8601439 0.788461538 0.675675676
8602039 0.826923077 0.675675676
8614660 0.75 0.716216216
8615289 0.961538462 0.716216216
8619671 0.826923077 0.675675676
8620723 0.75 0.716216216
8621420 0.865384615 0.72972973
8622327 0.711538462 0.783783784
8623415 0.923076923 0.675675676
8625764 0.961538462 0.716216216
8632718 0.75 0.716216216
8633799 0.576923077 0.662162162
8646250 0.711538462 0.783783784
8652159 0.865384615 0.72972973
8652479 0.884615385 0.675675676
8658243 0.75 0.756756757
8661039 0.884615385 0.716216216
8679933 0.711538462 0.77027027
8686919 0.788461538 0.675675676
8691986 0.884615385 0.675675676
8695180 0.788461538 0.743243243
8700999 0.788461538 0.743243243
8709243 0.826923077 0.743243243
8721764 0.711538462 0.77027027
8721997 0.75 0.756756757
8727002 0.403846154 0.878378378
8738351 0.788461538 0.675675676
8744153 0.826923077 0.743243243
8744738 0.519230769 0.662162162
8747347 0.692307692 0.77027027
8749138 0.711538462 0.756756757
8750075 0.826923077 0.743243243
8750496 0.961538462 0.716216216
8755805 0.826923077 0.743243243
8759276 0.884615385 0.716216216
8764282 0.826923077 0.743243243
8764351 0.730769231 0.756756757
8765969 0.884615385 0.675675676
8767537 0.826923077 0.608108108
8770476 0.730769231 0.77027027
8772125 0.557692308 0.810810811
8777833 0.442307692 0.662162162
8778395 0.923076923 0.72972973
8780610 0.75 0.756756757
8780868 0.75 0.756756757
8782356 0.75 0.716216216
8789174 0.730769231 0.77027027
8796923 0.730769231 0.783783784
8806225 0.730769231 0.783783784
8807239 0.788461538 0.675675676
8808917 0.961538462 0.716216216
8810388 0.711538462 0.783783784
8810737 0.711538462 0.783783784
8811133 0.826923077 0.743243243
8812732 0.730769231 0.783783784
8820441 0.730769231 0.783783784
8826439 0.826923077 0.743243243
8829430 0.653846154 0.716216216
8835668 0.634615385 0.77027027
8836631 0.634615385 0.77027027
8838453 0.826923077 0.743243243
8854208 0.692307692 0.743243243
8855234 0.711538462 0.743243243
8855728 0.826923077 0.743243243
8858375 0.788461538 0.743243243
8862061 0.692307692 0.77027027
8863592 0.865384615 0.72972973
8865773 0.884615385 0.716216216
8872407 0.961538462 0.662162162
8873912 0.711538462 0.756756757
8879580 0.75 0.756756757
8883845 0.865384615 0.72972973
8888279 0.692307692 0.77027027
8893941 0.730769231 0.783783784
8894327 0.730769231 0.77027027
8895832 0.75 0.716216216
8896311 0.961538462 0.716216216
8898869 0.865384615 0.72972973
8899265 0.826923077 0.675675676
8905510 0.711538462 0.77027027
8913240 0.634615385 0.77027027
8913619 0.730769231 0.783783784
8915134 0.730769231 0.77027027
8922305 0.730769231 0.77027027
8922921 0.634615385 0.77027027
8923819 0.711538462 0.77027027
8924417 0.634615385 0.77027027
8930138 0.826923077 0.743243243
8951737 0.730769231 0.783783784
8958946 0.730769231 0.756756757
8963255 0.730769231 0.756756757
8976532 0.711538462 0.783783784
8976567 0.75 0.716216216
8984157 0.519230769 0.810810811
8986219 0.557692308 0.810810811
8988154 0.826923077 0.527027027
8990770 0.923076923 0.527027027
8992237 0.711538462 0.783783784
8999507 0.75 0.756756757
9006136 0.884615385 0.675675676
9018682 0.711538462 0.783783784
9019237 0.711538462 0.756756757
9027316 0.961538462 0.716216216
9033065 0.884615385 0.716216216
9034598 0.884615385 0.675675676
9035786 0.826923077 0.675675676
9038477 0.711538462 0.756756757
9040251 0.865384615 0.72972973
9041423 0.634615385 0.77027027
9043318 0.711538462 0.689189189
9044644 0.634615385 0.77027027
9047537 0.884615385 0.716216216
9048401 0.961538462 0.621621622
9056236 0.826923077 0.527027027
9056822 0.730769231 0.756756757
9062304 0.711538462 0.648648649
9063247 0.557692308 0.810810811
9065475 0.923076923 0.72972973
9069315 0.730769231 0.77027027
9075675 0.730769231 0.77027027
9079098 0.711538462 0.783783784
9081479 0.711538462 0.756756757
9087063 0.75 0.716216216
9095785 0.730769231 0.77027027
9100491 0.788461538 0.675675676
9114777 0.923076923 0.72972973
9115621 0.634615385 0.77027027
9117300 0.75 0.716216216
9117584 0.711538462 0.756756757
9123618 0.730769231 0.77027027
9124261 0.75 0.716216216
9131016 0.884615385 0.716216216
9133010 0.711538462 0.77027027
9138265 0.884615385 0.716216216
9140468 0.711538462 0.77027027
9150990 0.75 0.756756757
9151256 0.711538462 0.756756757
9155546 0.961538462 0.621621622
9156239 0.961538462 0.716216216
9158884 0.730769231 0.77027027
9165956 0.826923077 0.608108108
9166486 0.730769231 0.77027027
9167666 0.788461538 0.675675676
9168952 0.884615385 0.594594595
9170214 0.884615385 0.716216216
9172953 0.961538462 0.716216216
9175075 0.865384615 0.72972973
9175897 0.884615385 0.716216216
9176316 0.788461538 0.743243243
9181532 0.711538462 0.783783784
9188086 0.75 0.716216216
9193885 0.788461538 0.675675676
9194373 0.480769231 0.851351351
9197744 0.730769231 0.77027027
9202348 0.788461538 0.675675676
9205441 0.788461538 0.675675676
9207459 0.788461538 0.743243243
9213123 0.730769231 0.77027027
9221707 0.826923077 0.743243243
9226831 0.788461538 0.743243243
9227923 0.826923077 0.743243243
9231511 0.788461538 0.675675676
9232153 0.730769231 0.77027027
9242599 0.826923077 0.743243243
9242942 0.730769231 0.77027027
9243185 0.826923077 0.675675676
9246112 0.711538462 0.689189189
9248956 0.711538462 0.783783784
9256278 0.923076923 0.72972973
9263658 0.730769231 0.783783784
9266421 0.711538462 0.756756757
9274046 0.653846154 0.716216216
9274981 0.365384615 0.72972973
9276695 0.730769231 0.756756757
9286752 0.75 0.756756757
9297104 0.519230769 0.810810811
9299571 0.75 0.716216216
9303005 0.884615385 0.675675676
9303617 0.653846154 0.716216216
9305148 0.730769231 0.77027027
9307136 0.826923077 0.743243243
9309330 0.75 0.716216216
9309728 0.75 0.756756757
9313328 0.634615385 0.77027027
9323962 0.961538462 0.716216216
9324651 0.788461538 0.675675676
9329781 0.961538462 0.716216216
9331806 0.826923077 0.743243243
9334155 0.788461538 0.675675676
9334261 0.692307692 0.77027027
9337293 0.730769231 0.756756757
9337368 0.961538462 0.662162162
9348724 0.730769231 0.77027027
9350023 0.711538462 0.743243243
9354370 0.730769231 0.756756757
9354787 0.692307692 0.77027027
9371232 0.634615385 0.77027027
9376936 0.692307692 0.77027027
9377831 0.826923077 0.743243243
9379126 0.730769231 0.77027027
9382370 0.75 0.756756757
9385001 0.923076923 0.72972973
9387668 0.730769231 0.783783784
9394138 0.711538462 0.756756757
9396274 0.711538462 0.783783784
9397135 0.75 0.756756757
9412917 0.884615385 0.716216216
9413866 0.826923077 0.743243243
9415548 0.75 0.756756757
9417611 0.730769231 0.756756757
9426395 0.75 0.716216216
9430878 0.730769231 0.783783784
9434379 0.788461538 0.743243243
9441992 0.961538462 0.662162162
9443910 0.557692308 0.810810811
9445236 0.711538462 0.783783784
9451173 0.557692308 0.810810811
9452623 0.711538462 0.756756757
9453828 0.730769231 0.77027027
9455836 0.884615385 0.594594595
9461871 0.884615385 0.675675676
9463781 0.788461538 0.743243243
9465353 0.884615385 0.716216216
9468496 0.923076923 0.72972973
9470872 0.826923077 0.743243243
9471234 0.865384615 0.72972973
9472021 0.711538462 0.783783784
9473076 0.711538462 0.743243243
9473341 0.634615385 0.77027027
9474291 0.884615385 0.716216216
9475763 0.788461538 0.743243243
9477503 0.961538462 0.716216216
9477883 0.826923077 0.608108108
9481855 0.826923077 0.743243243
9482721 0.865384615 0.72972973
9484809 0.730769231 0.77027027
9487936 0.730769231 0.77027027
9492106 0.576923077 0.77027027
9514331 0.884615385 0.675675676
9517439 0.75 0.621621622
9520425 0.884615385 0.716216216
9521119 0.75 0.756756757
9521172 0.480769231 0.851351351
9529527 0.961538462 0.716216216
9530806 0.730769231 0
9556823 0.634615385 0.77027027
9557459 0.711538462 0.743243243
9561991 0.730769231 0.783783784
9563244 0.826923077 0.608108108
9567325 0.788461538 0.743243243
9568385 0.923076923 0.72972973
9568573 0.923076923 0.72972973
9571062 0.692307692 0.77027027
9577877 0.634615385 0.77027027
9580592 0.730769231 0.77027027
9582782 0.826923077 0.743243243
9592102 0.634615385 0.77027027
9613384 0.788461538 0.743243243
9616613 0.884615385 0.594594595
9618621 0.884615385 0.716216216
9624894 0.730769231 0.77027027
9626081 0.711538462 0.689189189
9630552 0.711538462 0.743243243
9636199 0.711538462 0.756756757
9646127 0.884615385 0.594594595
9646694 0.826923077 0.675675676
9655342 0.884615385 0.716216216
9658614 0.711538462 0.77027027
9658630 0.730769231 0.783783784
9663086 0.788461538 0.675675676
9668580 0.711538462 0.756756757
9668740 0.730769231 0.783783784
9671087 0.634615385 0.77027027
9673743 0.865384615 0.72972973
9675752 0.711538462 0.783783784
9675952 0.692307692 0.716216216
9683245 0.826923077 0.716216216
9683263 0.711538462 0.743243243
9683596 0.75 0.716216216
9685742 0.826923077 0.743243243
9693923 0.884615385 0.716216216
9697337 0.75 0.756756757
9699284 0.884615385 0.594594595
9700980 0.865384615 0.72972973
9706788 0.730769231 0.77027027
9708070 0.711538462 0.783783784
9709709 0.884615385 0.675675676
9712854 0.730769231 0.77027027
9715968 0.826923077 0.743243243
9718330 0.884615385 0.716216216
9720823 0.923076923 0.72972973
9730991 0.75 0.756756757
9734731 0.788461538 0.743243243
9737798 0.788461538 0.743243243
9745441 0.653846154 0.716216216
9751980 0.788461538 0.743243243
9753061 0.711538462 0.756756757
9753374 0.711538462 0.756756757
9753471 0.730769231 0.77027027
9754429 0.634615385 0.77027027
9754560 0.711538462 0.783783784
9755969 0.826923077 0.743243243
9756934 0.884615385 0.675675676
9760047 0.923076923 0.675675676
9770737 0.884615385 0.675675676
9774114 0.788461538 0.675675676
9775151 0.788461538 0.743243243
9778645 0.692307692 0.77027027
9782556 0.826923077 0.743243243
9789676 0.711538462 0.756756757
9795861 0.961538462 0.716216216
9797454 0.826923077 0.608108108
9802330 0.730769231 0.783783784
9804396 0.557692308 0.810810811
9806700 0.711538462 0.77027027
9815914 0.730769231 0.77027027
9817491 0.884615385 0.716216216
9821727 0.730769231 0.77027027
9822477 0.711538462 0.743243243
9830700 0.730769231 0.77027027
9831473 0.75 0.756756757
9834562 0.730769231 0.783783784
9836463 0.826923077 0.743243243
9839367 0.730769231 0.77027027
9840894 0.788461538 0.743243243
9842845 0.903846154 0.5
9844029 0.75 0.716216216
9845175 0.884615385 0.716216216
9847657 0.865384615 0.72972973
9852326 0.519230769 0.810810811
9854143 0.596153846 0.797297297
9857690 0.826923077 0.743243243
9857824 0.75 0.756756757
9865289 0.711538462 0.756756757
9868010 0.788461538 0.743243243
9872387 0.826923077 0.743243243
9873455 0.788461538 0.675675676
9879343 0.826923077 0.743243243
9891098 0.634615385 0.77027027
9892939 0.884615385 0.675675676
9903110 0.788461538 0.675675676
9912783 0.961538462 0.716216216
9914630 0.75 0.716216216
9915305 0.788461538 0.675675676
9915348 0.788461538 0.743243243
9917255 0.826923077 0.675675676
9917540 0.711538462 0.783783784
9920529 0.730769231 0.756756757
9921607 0.788461538 0.675675676
9922243 0.653846154 0.716216216
9928678 0.711538462 0.756756757
9931437 0.788461538 0.743243243
9931929 0.788461538 0.743243243
9935727 0.75 0.756756757
9937237 0.788461538 0.743243243
9940846 0.711538462 0.783783784
9944528 0.826923077 0.743243243
9946154 0.788461538 0.675675676
9946322 0.711538462 0.783783784
9964986 0.788461538 0.743243243
9968066 0.730769231 0.77027027
9968433 0.711538462 0.783783784
9981657 0.711538462 0.783783784
9983293 0.884615385 0.716216216
9986512 0.634615385 0.77027027
9989380 0.730769231 0.77027027
9997014 0.884615385 0.675675676
10003574 0.711538462 0.783783784
10005172 0.826923077 0.608108108
10005293 0.865384615 0.72972973
10011080 0.923076923 0.72972973
10016541 0.75 0.716216216
10021340 0.903846154 0.5
10021896 0.826923077 0.608108108
10024383 0.730769231 0.77027027
10024473 0.826923077 0.743243243
10027820 0.788461538 0.675675676
10028637 0.730769231 0.77027027
10033714 0.865384615 0.72972973
10037711 0.711538462 0.743243243
10045648 0.711538462 0.783783784
10047681 0.884615385 0.675675676
10050639 0.826923077 0.675675676
10051754 0.884615385 0.716216216
10051760 0.961538462 0.716216216
10054939 0.75 0.756756757
10055353 0.826923077 0.743243243
10056307 0.711538462 0.783783784
10056406 0.711538462 0.743243243
10059436 0.788461538 0.743243243
10060336 1 0.486486486
10073304 0.884615385 0.594594595
10074957 0.711538462 0.689189189
10080751 0.730769231 0.77027027
10083299 0.865384615 0.72972973
10083932 0.826923077 0.527027027
10084119 0.711538462 0.783783784
10086271 0.75 0.756756757
10086370 0.711538462 0.743243243
10091311 0.75 0.716216216
10093535 0.365384615 0.567567568
10095102 0.961538462 0.662162162
10097728 0.788461538 0.675675676
10098939 0.711538462 0.743243243
10104821 0.788461538 0.675675676
10104928 0 0.797297297
10106598 0.884615385 0.716216216
10109441 0.923076923 0.72972973
10110956 0.730769231 0.756756757
10111414 0.634615385 0.77027027
10111509 0.730769231 0.77027027
10113411 0.826923077 0.608108108
10114263 0.730769231 0.756756757
10116401 0.826923077 0.743243243
10123654 0.865384615 0.72972973
10126687 0.711538462 0.743243243
10128947 0.865384615 0.72972973
10130515 0.692307692 0.77027027
10135482 0.519230769 0.662162162
10138584 0.730769231 0.77027027
10142001 0.75 0.756756757
10144406 0.826923077 0.743243243
10146331 0.730769231 0.77027027
10147207 0.692307692 0.77027027
10149417 0.711538462 0.77027027
10152010 0.826923077 0.743243243
10156290 0.788461538 0.743243243
10171513 0.961538462 0.621621622
10172818 0.884615385 0.675675676
10173645 0.711538462 0.743243243
10173744 0.711538462 0.756756757
10174524 0.788461538 0.743243243
10175045 0.75 0.756756757
10175049 0.730769231 0.77027027
10175600 0.884615385 0.716216216
10181176 0.923076923 0.72972973
10188880 0.692307692 0.743243243
10190712 0.596153846 0.797297297
10191211 0.730769231 0.783783784
10195845 0.884615385 0.675675676
10197262 0.730769231 0.77027027
10198339 0.884615385 0.716216216
10198399 0.730769231 0.77027027
10200294 0.923076923 0.675675676
10206086 0.865384615 0.72972973
10208030 0.75 0.756756757
10211056 0.788461538 0.675675676
10217092 0.711538462 0.743243243
10218536 0.788461538 0.675675676
10220327 0.75 0.716216216
10222051 0.711538462 0.756756757
10222174 0.788461538 0.743243243
10224686 0.75 0.716216216
10225464 0.730769231 0.77027027
10226784 0.884615385 0.675675676
10228036 0.692307692 0.743243243
10232610 0.711538462 0.783783784
10233190 0.711538462 0.783783784
10247597 0.730769231 0.77027027
10251478 0.711538462 0.783783784
10252476 0.788461538 0.743243243
10253341 0.711538462 0.743243243
10257411 0.826923077 0.743243243
10264593 0.711538462 0.743243243
10267340 0.884615385 0.716216216
10269502 0.730769231 0.77027027
10282124 0.884615385 0.675675676
10284676 0.730769231 0.77027027
10288886 0.826923077 0.675675676
10289894 0.923076923 0.527027027
10295625 0.711538462 0.756756757
10301823 0.788461538 0.743243243
10302920 0.884615385 0.716216216
10304983 0.865384615 0.72972973
10308738 0.634615385 0.77027027
10313498 0.884615385 0.675675676
10313858 0.711538462 0.783783784
10325991 0.711538462 0.77027027
10335693 0.711538462 0.77027027
10337397 0.75 0.756756757
10340552 0.865384615 0.72972973
10353912 0.711538462 0.756756757
10354096 0.826923077 0.743243243
10361498 0.961538462 0.716216216
10371747 0.961538462 0.662162162
10373542 0.711538462 0.783783784
10378502 0.826923077 0.743243243
10378659 0.826923077 0.675675676
10379825 0.711538462 0.756756757
10381723 0.884615385 0.716216216
10382096 0.711538462 0.783783784
10407355 0.865384615 0.72972973
10413121 0.75 0.716216216
10413761 0.75 0.756756757
10419499 0.730769231 0.77027027
10423952 0.711538462 0.743243243
10424784 0.75 0.716216216
10432494 0.884615385 0.675675676
10446057 0.711538462 0.783783784
10449517 0.711538462 0.783783784
10450059 0.730769231 0.783783784
10466161 0.884615385 0.716216216
10466996 0.826923077 0.608108108
10471907 0.961538462 0.716216216
10477405 0.961538462 0.662162162
10479284 0.730769231 0.77027027
10483888 0.711538462 0.783783784
10490230 0.884615385 0.716216216
10492717 0.711538462 0.743243243
10497145 0.711538462 0.743243243
10499939 0.788461538 0.743243243
10503819 0.711538462 0.783783784
10506262 0.75 0.756756757
10507748 0.711538462 0.783783784
10522079 0.730769231 0.783783784
10528106 0.826923077 0.743243243
10529485 0.711538462 0.783783784
10530049 0.788461538 0.675675676
10531672 0.75 0.716216216
10538605 0.711538462 0.743243243
10542322 0.711538462 0.783783784
10542667 0.730769231 0.756756757
10547974 0.711538462 0.756756757
10548361 0.730769231 0.783783784
10548881 0.576923077 0.662162162
10550199 0.826923077 0.743243243
10556863 0.788461538 0.675675676
10559080 0.788461538 0.743243243
10577032 0.884615385 0.675675676
10577265 0.961538462 0.662162162
10586206 0.826923077 0.743243243
10586286 0.826923077 0.608108108
10587857 0.711538462 0.783783784
10594223 0.615384615 0.716216216
10604003 0.653846154 0.648648649
10609925 0.730769231 0.756756757
10611367 0.865384615 0.72972973
10613299 0.884615385 0.675675676
10624339 0.442307692 0.72972973
10638086 0.788461538 0.675675676
10642198 0.711538462 0.743243243
10642283 0.711538462 0.783783784
10644152 0.711538462 0.783783784
10645942 0.730769231 0.77027027
10647404 0.653846154 0.648648649
10649712 0.730769231 0.77027027
10650844 0.634615385 0.77027027
10651737 0.826923077 0.743243243
10672496 0.75 0.756756757
10674611 0.961538462 0.716216216
10674703 0.865384615 0.72972973
10675902 0.826923077 0.743243243
10676881 0.711538462 0.756756757
10679762 0.596153846 0.797297297
10687186 0.711538462 0.783783784
10693166 0.75 0.756756757
10701312 0.711538462 0.756756757
10706610 0.711538462 0.756756757
10706882 0.884615385 0.594594595
10713113 0.884615385 0.675675676
10713525 0.730769231 0.77027027
10714077 0.711538462 0.743243243
10714217 0.865384615 0.72972973
10715930 0.788461538 0.743243243
10724982 0.75 0.716216216
10729114 0.961538462 0.716216216
10729826 0.826923077 0.743243243
10732892 0.711538462 0.77027027
10739535 0.730769231 0.756756757
10744006 0.865384615 0.72972973
10744586 0.884615385 0.675675676
10748889 0.365384615 0.72972973
10751269 0.884615385 0.716216216
10752911 0.884615385 0.716216216
10753664 0.788461538 0.675675676
10756226 0.711538462 0.77027027
10756865 0.884615385 0.675675676
10761137 0.826923077 0.743243243
10762282 0.711538462 0.756756757
10766577 0.711538462 0.77027027
10774860 0.711538462 0.756756757
10776885 0.826923077 0.743243243
10784525 0.75 0.756756757
10789932 0.788461538 0.675675676
10791670 0.75 0.756756757
10799787 0.730769231 0.77027027
10801876 0.711538462 0.756756757
10803486 0.961538462 0.716216216
10803754 0.730769231 0.756756757
10814111 0.961538462 0.716216216
10816142 0.788461538 0.743243243
10817038 0.788461538 0.675675676
10819341 0.711538462 0.756756757
10819893 0.576923077 0.662162162
10825056 0.961538462 0.662162162
10825345 0.596153846 0.797297297
10826644 0.75 0.716216216
10831585 0.730769231 0.783783784
10832639 0.711538462 0.783783784
10835379 0.711538462 0.756756757
10835791 0.884615385 0.716216216
10844013 0.884615385 0.675675676
10846630 0.826923077 0.608108108
10847437 0.961538462 0.716216216
10848721 0.961538462 0.716216216
10855940 0.75 0.72972973
10861903 0.711538462 0.783783784
10863656 0.826923077 0.743243243
10866683 0.711538462 0.756756757
10867522 0.692307692 0.77027027
10873009 0.788461538 0.743243243
10874477 0.730769231 0.756756757
10875560 0.865384615 0.72972973
10877721 0.865384615 0.72972973
10884395 0.711538462 0.77027027
10891178 0.884615385 0.675675676
10891725 0.788461538 0.743243243
10892562 0.826923077 0.675675676
10895832 0.711538462 0.756756757
10899565 0.826923077 0.675675676
10901405 0.923076923 0.72972973
10911380 0.923076923 0.72972973
10914111 0.75 0.756756757
10918620 0.519230769 0.810810811
10918885 0.730769231 0.783783784
10919263 0.75 0.756756757
10921153 0.730769231 0.797297297
10928134 0.557692308 0.810810811
10931854 0.884615385 0.716216216
10936280 0.923076923 0.675675676
10936946 0.75 0.756756757
10937980 0.826923077 0.675675676
10941151 0.730769231 0.77027027
10948831 0.826923077 0.743243243
10953182 0.711538462 0.756756757
10954430 0.788461538 0.675675676
10954665 0.826923077 0.743243243
10954968 0.884615385 0.405405405
10958061 0.788461538 0.675675676
10961859 0.480769231 0.851351351
10966393 0.788461538 0.675675676
10971843 0.711538462 0.756756757
10972799 0.788461538 0.743243243
10973501 0.557692308 0.810810811
10975822 0.865384615 0.72972973
10981477 0.884615385 0.675675676
10983145 0.923076923 0.72972973
10983597 0.826923077 0.608108108
10986101 0.576923077 0.783783784
10986765 0.711538462 0.756756757
10988489 0.711538462 0.783783784
10990455 0.75 0.716216216
10990461 0.865384615 0.72972973
11002833 0.711538462 0.783783784
11009305 0.961538462 0.662162162
11009732 0.711538462 0.783783784
11015221 0.788461538 0.743243243
11021212 0.923076923 0.72972973
11034680 0.884615385 0.675675676
11039229 0.75 0.716216216
11041159 0.730769231 0.77027027
11042346 0.826923077 0.743243243
11052898 0.788461538 0.743243243
11061717 0.75 0.635135135
11062218 0.788461538 0.743243243
11066029 0.788461538 0.675675676
11070574 0.692307692 0.743243243
11071590 0.711538462 0.783783784
11074033 0.730769231 0.77027027
11074163 0.826923077 0.743243243
11079895 0.730769231 0.77027027
11081126 0.634615385 0.77027027
11087610 0.711538462 0.743243243
11089986 0.961538462 0.716216216
11092204 0.75 0.716216216
11095963 0.730769231 0.77027027
11102770 0.865384615 0.72972973
11104314 0.884615385 0.405405405
11104409 0.711538462 0.756756757
11104551 0.711538462 0.689189189
11108741 0.634615385 0.77027027
11112119 0.884615385 0.675675676
11112856 0.884615385 0.716216216
11119716 0.730769231 0.77027027
11128249 0.730769231 0
11128959 0.884615385 0.675675676
11134894 0.826923077 0.675675676
11137432 0.711538462 0.756756757
11141322 0.711538462 0.756756757
11154416 0.75 0.756756757
11154964 0.653846154 0.716216216
11157335 0.711538462 0.77027027
11161339 0.865384615 0.72972973
11162111 0.634615385 0.77027027
11163132 0.711538462 0.594594595
11163841 0.884615385 0.675675676
11176879 0.730769231 0.783783784
11184046 0.865384615 0.72972973
11195207 0.75 0.716216216
11196040 0.75 0.756756757
11196451 0.884615385 0.675675676
11196672 0.711538462 0.756756757
11200559 0.826923077 0.743243243
11206507 0.961538462 0.716216216
11208353 0.788461538 0.743243243
11214817 0.730769231 0.77027027
11220514 0.788461538 0.743243243
11226368 0.788461538 0.675675676
11229411 0.711538462 0.783783784
11230701 0.865384615 0.72972973
11235674 0.884615385 0.716216216
11237154 0.826923077 0.743243243
11238698 0.730769231 0.783783784
11242440 0.730769231 0.756756757
11250460 0.865384615 0.72972973
11262053 0.788461538 0.675675676
11262409 0.884615385 0.675675676
11273258 0.692307692 0.77027027
11273461 0.826923077 0.608108108
11274836 0.923076923 0.72972973
11277973 0.730769231 0.756756757
11279958 0.961538462 0.716216216
11287779 0.788461538 0.675675676
11295149 0.711538462 0.783783784
11297249 0.711538462 0.756756757
11297935 0.711538462 0.689189189
11311805 0.961538462 0.716216216
11314376 0.711538462 0.756756757
11318083 0.711538462 0.783783784
11329565 0.788461538 0.675675676
11333555 0.711538462 0.756756757
11336286 0.711538462 0.594594595
11340642 0.826923077 0.743243243
11342374 0.730769231 0.783783784
11343448 0.788461538 0.675675676
11356415 0.692307692 0.77027027
11364143 0.730769231 0.77027027
11367904 0.788461538 0.743243243
11372491 0.730769231 0.783783784
11377455 0.884615385 0.716216216
11384326 0.730769231 0.77027027
11391097 0.923076923 0.72972973
11393179 0.557692308 0.810810811
11396754 0.826923077 0.743243243
11402078 0.826923077 0.743243243
11404599 0.711538462 0.756756757
11406462 0.653846154 0.716216216
11414578 0.923076923 0.72972973
11415904 0.711538462 0.689189189
11420019 0.826923077 0.743243243
11421424 0.711538462 0.783783784
11422162 0.865384615 0.72972973
11429487 0.826923077 0.743243243
11429574 0.826923077 0.675675676
11430627 0.634615385 0.77027027
11433099 0.711538462 0.594594595
11436102 0.75 0.716216216
11436117 0.711538462 0.756756757
11437398 0.826923077 0.743243243
11440169 0.730769231 0.77027027
11457287 0.884615385 0.716216216
11459802 0.961538462 0.716216216
11468623 0.788461538 0.743243243
11500613 0.653846154 0.716216216
11502454 0.923076923 0.72972973
11502774 0.865384615 0.72972973
11508481 0.730769231 0.783783784
11514034 0.865384615 0.72972973
11517269 0.961538462 0.716216216
11524946 0.826923077 0.743243243
11531583 0.788461538 0.743243243
11539109 0.711538462 0.783783784
11543272 0.711538462 0.77027027
11545246 0.519230769 0.662162162
11549229 0.711538462 0.77027027
11549267 0.711538462 0.783783784
11551207 0.711538462 0.783783784
11552863 0.692307692 0.77027027
11553699 0.884615385 0.716216216
11556477 0.961538462 0.716216216
11561012 0.788461538 0.594594595
11563165 0.826923077 0.608108108
11565537 0.75 0.716216216
11568849 0.884615385 0.716216216
11574302 0.711538462 0.77027027
11576724 0.711538462 0.77027027
11585184 0.711538462 0.756756757
11585571 0.480769231 0.851351351
11595703 0.923076923 0.72972973
11595898 0.923076923 0.675675676
11599002 0.576923077 0.743243243
11599700 0.711538462 0.756756757
11601013 0.730769231 0.783783784
11608272 0.826923077 0.608108108
11613712 0.711538462 0.783783784
11618751 0.730769231 0.783783784
11619152 0.634615385 0.77027027
11622480 0.75 0.756756757
11625213 0.788461538 0.743243243
11637675 0.75 0.756756757
11639824 0.961538462 0.662162162
11640453 0.730769231 0.783783784
11641945 0.730769231 0.756756757
11652206 0.884615385 0.675675676
11657021 0.75 0.756756757
11660171 0.961538462 0.662162162
11662293 0.884615385 0.716216216
11663039 0.884615385 0.675675676
11673421 0.826923077 0.743243243
11674368 0.75 0.716216216
11684919 0.634615385 0.77027027
11686498 0.884615385 0.716216216
11687973 0.730769231 0.783783784
11699120 0.596153846 0.797297297
11700895 0.903846154 0.5
11702748 0.884615385 0.716216216
11708723 0.711538462 0.689189189
11714131 0.961538462 0.716216216
11715723 0.75 0.756756757
11722680 0.826923077 0.743243243
11723148 0.826923077 0.675675676
11725397 0.826923077 0.675675676
11727745 0.865384615 0.72972973
11732128 0.884615385 0.716216216
11734503 0.365384615 0.72972973
11745941 0.730769231 0.783783784
11752335 0.788461538 0.743243243
11758508 0.711538462 0.77027027
11763721 0.519230769 0.810810811
11764603 0.788461538 0.743243243
11769960 0.576923077 0.662162162
11776849 0.576923077 0.662162162
11780008 0.403846154 0.878378378
11781383 0.711538462 0.783783784
11783922 0.75 0.716216216
11784223 0.826923077 0.743243243
11784561 0.75 0.716216216
11791446 0.788461538 0.743243243
11805894 0.826923077 0.743243243
11811680 0.711538462 0.594594595
11819364 0.826923077 0.527027027
11819835 0.730769231 0.77027027
11825362 0.788461538 0.743243243
11826486 0.711538462 0.756756757
11826548 0.711538462 0.756756757
11826965 0.75 0.716216216
11827565 0.961538462 0.716216216
11829808 0.403846154 0.878378378
11831522 0.711538462 0.756756757
11832687 0.788461538 0.675675676
11833262 0.692307692 0.77027027
11834605 0.711538462 0.756756757
11835832 0.711538462 0.756756757
11836216 0.711538462 0.756756757
11840365 0.692307692 0.77027027
11850746 0.865384615 0.72972973
11858014 0.711538462 0.756756757
11858266 0.711538462 0.783783784
11865276 0.75 0.756756757
11866889 0.711538462 0.689189189
11871194 0.730769231 0.77027027
11873775 0.403846154 0.878378378
11878460 0.75 0.716216216
11882318 0.75 0.756756757
11890745 0.884615385 0.675675676
11897004 0.865384615 0.72972973
11900080 0.788461538 0.743243243
11900490 0.788461538 0.743243243
11901584 0.865384615 0.743243243
11902758 0.75 0.716216216
11909036 0.788461538 0.743243243
11910253 0.730769231 0.77027027
11910474 0.711538462 0.756756757
11910654 0.711538462 0.689189189
11913438 0.711538462 0.783783784
11916599 0.961538462 0.716216216
11922702 0.884615385 0.594594595
11923697 0.865384615 0.72972973
11931455 0.711538462 0.756756757
11933765 0.711538462 0.756756757
11936240 0.826923077 0.743243243
11937886 0.788461538 0.743243243
11942022 0.865384615 0.72972973
11942883 0.730769231 0.756756757
11946172 0.730769231 0.77027027
11952838 0.961538462 0.716216216
11957220 0.711538462 0.783783784
11959920 0.884615385 0.716216216
11961298 0.826923077 0.527027027
11971034 0.711538462 0.783783784
11977004 0.730769231 0.756756757
11989983 0.711538462 0.756756757
11993620 0.75 0.716216216
11996093 0.788461538 0.743243243
12003427 0.75 0.756756757
12017724 0.788461538 0.675675676
12017770 0.75 0.756756757
12017975 0.923076923 0.675675676
12019933 0.711538462 0.783783784
12022132 0.711538462 0.783783784
12022396 0.788461538 0.743243243
12025416 0.884615385 0.594594595
12029265 0.884615385 0.594594595
12034157 0.75 0.716216216
12035672 0.75 0.756756757
12036703 0.75 0.756756757
12038239 0.769230769 0.702702703
12047473 0.730769231 0.783783784
12049481 0.75 0.716216216
12057240 0.519230769 0.810810811
12059830 0.711538462 0.783783784
12060650 0.711538462 0.783783784
12060840 0.884615385 0.675675676
12066987 0.865384615 0.72972973
12075553 0.826923077 0.743243243
12084847 0.826923077 0.527027027
12086681 0.730769231 0.756756757
12087248 0.711538462 0.756756757
12090571 0.826923077 0.675675676
12091149 0.730769231 0.783783784
12091286 0.711538462 0.743243243
12094413 0.730769231 0.77027027
12095257 0.730769231 0.77027027
12096644 0.711538462 0.756756757
12101662 0.596153846 0.797297297
12105998 0.788461538 0.594594595
12107891 0.788461538 0.743243243
12118071 0.480769231 0.851351351
12126604 0.730769231 0.756756757
12127643 0.730769231 0.77027027
12131561 0.788461538 0.743243243
12135993 0.711538462 0.756756757
12136221 0.730769231 0.77027027
12138670 0.730769231 0.783783784
12141173 0.923076923 0.72972973
12142152 0.826923077 0.743243243
12144458 0.961538462 0.716216216
12144560 0.365384615 0.72972973
12146725 0.884615385 0.675675676
12159149 0.730769231 0.77027027
12161143 0.884615385 0.648648649
12164699 0.730769231 0.756756757
12168841 0.788461538 0.743243243
12170157 0.711538462 0.783783784
12174682 0.826923077 0.527027027
12179040 0.826923077 0.743243243
12186993 0.730769231 0.77027027
12190720 0.730769231 0.783783784
12193386 0.711538462 0.743243243
12211124 0.75 0.77027027
12213395 0.711538462 0.77027027
12214901 0.884615385 0.716216216
12215763 0.788461538 0.675675676
12218642 0.711538462 0.756756757
12222234 0.788461538 0.675675676
12223614 0.961538462 0.716216216
12229445 0.884615385 0.743243243
12230779 0.826923077 0.743243243
12231962 0.75 0.716216216
12233088 0.826923077 0.743243243
12238244 0.865384615 0.72972973
12239687 0.826923077 0.675675676
12259595 0.826923077 0.743243243
12265965 0.884615385 0.675675676
12267996 0.884615385 0.675675676
12283423 0.788461538 0.675675676
12290140 0.692307692 0.77027027
12292339 0.730769231 0.756756757
12294850 0.653846154 0.716216216
12295826 0.653846154 0.716216216
12298384 0.884615385 0.675675676
12321874 0.961538462 0.621621622
12322121 0.788461538 0.743243243
12323085 0.75 0.716216216
12323491 0.826923077 0.608108108
12324303 0.826923077 0.675675676
12324468 0.730769231 0.783783784
12327391 0.730769231 0.77027027
12335562 0.865384615 0.72972973
12343303 0.730769231 0.756756757
12343934 0.711538462 0.756756757
12344233 0.75 0.756756757
12344744 0.346153846 0.783783784
12346171 0.884615385 0.716216216
12348460 0.865384615 0.72972973
12349330 0.826923077 0.675675676
12352641 0.884615385 0.716216216
12356198 0.711538462 0.756756757
12358036 0.711538462 0.77027027
12359948 0.346153846 0.783783784
12363289 0.711538462 0.743243243
12363643 0.884615385 0.594594595
12363709 0.711538462 0.783783784
12365342 0.884615385 0.675675676
12366564 0.884615385 0.675675676
12370308 0.826923077 0.743243243
12375233 0.826923077 0.675675676
12383936 0.903846154 0.5
12386225 0.711538462 0.743243243
12395231 0.865384615 0.72972973
12398761 0.884615385 0.716216216
12400820 0.711538462 0.743243243
12405196 0.730769231 0.77027027
12408939 0.75 0.756756757
12409417 0.884615385 0.716216216
12413864 0.788461538 0.675675676
12415656 0.634615385 0.77027027
12415933 0.730769231 0.77027027
12421227 0.730769231 0.77027027
12422109 0.711538462 0.783783784
12422374 0.826923077 0.608108108
12431898 0.884615385 0.716216216
12438818 0.711538462 0.783783784
12446842 0.730769231 0.783783784
12449026 0.730769231 0.77027027
12453447 0.596153846 0.797297297
12456889 0.711538462 0.783783784
12466977 0.730769231 0.77027027
12468936 0.711538462 0.756756757
12469423 0.653846154 0.716216216
12476013 0.788461538 0.675675676
12476416 0.480769231 0.851351351
12488760 0.75 0.756756757
12505911 0.903846154 0.5
12510938 0.884615385 0.716216216
12516030 0.865384615 0.72972973
12522052 0.711538462 0.756756757
12523777 0.75 0.756756757
12526242 0.711538462 0.756756757
12530276 0.788461538 0.743243243
12531823 0.442307692 0.72972973
12532659 0.826923077 0.675675676
12532776 0.865384615 0.72972973
12533372 0.961538462 0.662162162
12536361 0.903846154 0.5
12536456 0.826923077 0.743243243
12538991 0.788461538 0.675675676
12541689 0.961538462 0.621621622
12542589 0.788461538 0.675675676
12547733 0.826923077 0.608108108
12549293 0.730769231 0.77027027
12552128 0.692307692 0.77027027
12553169 0.865384615 0.72972973
12557832 0.711538462 0.77027027
12558053 0.730769231 0.77027027
12558828 0.730769231 0.756756757
12568234 0.692307692 0.77027027
12571072 0.923076923 0.72972973
12573850 0.75 0.621621622
12573929 0.557692308 0.810810811
12577583 0.557692308 0.810810811
12579327 0.961538462 0.716216216
12579352 0.730769231 0.77027027
12579730 0.711538462 0.783783784
12580330 0.730769231 0.756756757
12580612 0.711538462 0.756756757
12587094 0.730769231 0.756756757
12588946 0.730769231 0.783783784
12591304 0.884615385 0.675675676
12595077 0.884615385 0.716216216
12605168 0.788461538 0.675675676
12606444 0.75 0.716216216
12607786 0.730769231 0.783783784
12608339 0.711538462 0.756756757
12609184 0.711538462 0.756756757
12609844 0.692307692 0.77027027
12614854 0.826923077 0.608108108
12615234 0.557692308 0.810810811
12616304 0.730769231 0.783783784
12622249 0.865384615 0.72972973
12622593 0.826923077 0.608108108
12625409 0.730769231 0.77027027
12629746 0.826923077 0.675675676
12630247 0.711538462 0.783783784
12631438 0.653846154 0.716216216
12633843 0.730769231 0.783783784
12635508 0.807692308 0.689189189
12639037 0.711538462 0.756756757
12639515 0.461538462 0.797297297
12645839 0.75 0.621621622
12646522 0.692307692 0.77027027
12651913 0.730769231 0.77027027
12653922 0.826923077 0.743243243
12654496 0.711538462 0.783783784
12654663 0.788461538 0.675675676
12656693 0.884615385 0.716216216
12662125 0.75 0.716216216
12671856 0.730769231 0.783783784
12672335 0.788461538 0.743243243
12672762 0.75 0.756756757
12682172 0.711538462 0.783783784
12685575 0.634615385 0.77027027
12687089 0.711538462 0.77027027
12692489 0.711538462 0.783783784
12705443 0.826923077 0.743243243
12705772 0.923076923 0.675675676
12706957 0.884615385 0.716216216
12711432 0.730769231 0.756756757
12720053 0.730769231 0.756756757
12720213 0.711538462 0.783783784
12720262 0.730769231 0.756756757
12722314 0.75 0.756756757
12727255 0.75 0.756756757
12728114 0.826923077 0.743243243
12728318 0.826923077 0.675675676
12728868 0.788461538 0.675675676
